01.01	  0.99	17.0	10.9
02.01	  0.85	17.0	 7.5
03.01	 -1.76	15.0	 2.5
04.01	 -4.45	-	 6.9
05.01	 -3.94	15.0	 5.2
06.01	  1.33	15.0	 6.2
07.01	 -0.76	13.0	 7.7
08.01	 -6.76	20.0	 3.9
09.01	 -5.39	-	 4.1
10.01	  0.53	20.0	 8.9
11.01	 -4.55	-	10.3
12.01	 -7.66	21.0	 4.0
13.01	-12.57	21.0	 3.6
14.01	-15.30	21.0	 5.4
15.01	-11.15	20.0	 5.5
16.01	 -5.62	22.0	 8.5
17.01	 -9.46	27.0	 4.6
18.01	-10.24	25.0	 5.6
19.01	 -8.69	-	 4.8
20.01	 -3.56	23.0	 6.6
21.01	-11.96	27.0	 8.8
22.01	-12.11	27.0	 6.4
23.01	-13.28	-	 5.0
24.01	-13.25	27.0	 4.9
25.01	-14.45	27.0	 7.2
26.01	-14.89	-	 8.1
27.01	-16.06	27.0	 6.9
28.01	-14.81	25.0	 6.9
29.01	-13.89	20.0	 7.6
30.01	-15.13	20.0	 7.2
31.01	-10.65	20.0	 7.8
01.02	 -9.76	20.0	 7.4
02.02	-13.39	20.0	 6.4
03.02	-14.05	20.0	 4.9
04.02	-11.69	20.0	 2.8
05.02	 -4.73	20.0	 4.4
06.02	 -6.91	20.0	 4.5
07.02	 -8.82	20.0	 4.0
08.02	 -2.74	-	 6.8
09.02	 -2.20	20.0	 6.8
10.02	 -2.15	27.0	 7.9
11.02	 -1.41	25.0	 8.9
12.02	 -0.77	26.0	 6.9
13.02	  0.54	26.0	 4.9
14.02	 -2.59	26.0	 5.8
15.02	 -8.54	25.0	 5.4
16.02	-14.00	25.0	 4.9
17.02	 -7.52	25.0	 2.2
18.02	 -8.69	28.0	 4.0
19.02	-11.57	28.0	 4.2
20.02	-15.74	-	 7.7
21.02	-20.50	27.0	 5.5
22.02	-19.90	-	10.6
23.02	-20.71	25.0	 5.2
24.02	-20.23	25.0	 4.2
25.02	-17.71	25.0	 8.9
26.02	-20.44	25.0	 8.2
27.02	-17.30	-	10.5
28.02	-19.01	25.0	 8.6
01.03	-16.70	-	 3.8
02.03	-14.30	-	 5.0
03.03	-19.11	25.0	 4.6
04.03	-20.32	25.0	 5.1
05.03	-22.15	-	10.4
06.03	-20.91	-	 7.0
07.03	-20.85	25.0	 6.0
08.03	-18.75	-	 1.8
09.03	-15.25	25.0	 2.2
10.03	-15.91	25.0	 5.6
11.03	-20.83	23.0	 6.0
12.03	-18.41	23.0	 5.9
13.03	-15.67	23.0	 3.1
14.03	-15.60	26.0	 4.4
15.03	-13.24	25.0	 7.4
16.03	-10.06	25.0	 6.4
17.03	 -6.43	24.0	 5.5
18.03	 -8.29	24.0	 9.8
19.03	-12.79	23.0	 8.4
20.03	-10.50	-	 5.2
21.03	-11.75	23.0	 1.9
22.03	 -8.61	23.0	 1.1
23.03	-10.38	-	 3.1
24.03	-15.46	-	 4.5
25.03	-18.26	23.0	 7.4
26.03	-16.94	23.0	 6.0
27.03	 -5.93	-	 9.7
28.03	 -3.15	-	 7.4
29.03	 -9.71	-	 7.6
30.03	-11.22	23.0	 5.8
31.03	-13.40	-	 4.1
01.04	-14.09	-	 3.9
02.04	-11.39	20.0	 4.6
03.04	 -9.47	20.0	 5.1
04.04	 -9.20	20.0	 3.6
05.04	 -9.19	20.0	 4.6
06.04	-13.41	-	 3.4
07.04	-17.09	20.0	 4.6
08.04	-14.64	20.0	 3.9
09.04	-18.16	20.0	 4.0
10.04	-16.34	21.0	 2.5
11.04	-14.72	20.0	 4.8
12.04	-13.58	20.0	 3.4
13.04	-12.30	20.0	 2.2
14.04	-11.34	20.0	 1.2
15.04	-13.76	20.0	 4.6
16.04	-10.60	20.0	 7.1
17.04	 -9.68	20.0	 7.8
18.04	-12.79	20.0	 3.4
19.04	-12.54	-	 3.2
20.04	 -9.04	20.0	 2.4
21.04	 -5.54	-	 6.2
22.04	  1.95	18.0	 6.9
23.04	  2.36	15.0	 2.9
24.04	  0.46	15.0	 2.5
25.04	 -0.47	17.0	 3.2
26.04	 -2.39	22.0	 8.2
27.04	 -6.17	-	 4.8
28.04	 -5.65	-	 2.2
29.04	 -5.55	23.0	 2.6
30.04	 -3.94	29.0	 4.2
01.05	 -1.59	22.0	10.4
02.05	 -4.08	18.0	 6.0
03.05	 -4.86	-	 1.0
04.05	 -5.04	18.0	 1.3
05.05	 -4.66	18.0	 2.6
06.05	 -5.86	14.0	 6.5
07.05	 -3.80	14.0	 7.2
08.05	 -1.84	14.0	 4.9
09.05	 -1.55	14.0	 4.0
10.05	  0.25	13.0	 4.4
11.05	 -0.64	14.0	 2.9
12.05	 -2.64	14.0	 1.4
13.05	 -3.05	12.0	 1.9
14.05	 -3.21	11.0	 1.6
15.05	 -2.98	11.0	 2.4
16.05	 -3.05	10.0	 2.4
17.05	 -0.97	10.0	 9.8
18.05	  1.99	-	 5.6
19.05	  0.46	10.0	 4.4
20.05	  1.78	 8.0	 4.6
21.05	  1.64	-	 4.0
22.05	 -0.52	-	 7.8
23.05	 -1.63	-	 4.0
24.05	 -0.11	 8.0	 3.2
25.05	 -2.70	 9.0	 4.5
26.05	 -2.55	 9.0	 2.4
27.05	 -1.61	 7.0	 2.8
28.05	  0.13	 7.0	 2.0
29.05	  1.25	 5.0	 4.6
30.05	  0.97	-	 1.4
31.05	  3.09	-	 4.9
01.06	  2.85	-	 2.6
02.06	  3.90	-	 2.5
03.06	  4.21	-	 3.7
04.06	  3.63	-	 6.3
05.06	  6.70	-	 6.0
06.06	  3.16	-	 7.0
07.06	  2.40	-	 4.3
08.06	  2.54	-	 6.0
09.06	  2.97	-	 6.2
10.06	  1.11	-	 4.1
11.06	  2.48	-	 6.1
12.06	  2.15	-	 6.8
13.06	  1.04	-	 7.0
14.06	  2.06	-	 9.0
15.06	  0.99	-	 5.4
16.06	  0.73	-	 6.8
17.06	  3.70	-	 5.0
18.06	  4.84	-	 3.5
19.06	  6.45	-	 4.2
20.06	  7.64	-	 3.1
21.06	  6.71	-	 3.1
22.06	  7.54	-	 3.2
23.06	  6.30	-	 6.4
24.06	  3.81	-	 9.0
25.06	  3.41	-	 4.4
26.06	  6.33	-	 3.7
27.06	  6.62	-	 3.5
28.06	  7.84	-	 3.6
29.06	  8.94	-	 3.1
30.06	  7.82	-	 3.2
01.07	  9.14	-	 4.0
02.07	  7.01	-	 1.9
03.07	 10.70	-	 6.9
04.07	  8.82	-	 4.9
05.07	  6.34	-	 2.0
06.07	  8.33	-	 2.4
07.07	  9.55	-	 4.0
08.07	  8.78	-	 4.5
09.07	  6.59	-	 8.4
10.07	  5.13	-	 5.9
11.07	  6.62	-	 3.1
12.07	  6.82	-	 3.5
13.07	  8.00	-	 4.0
14.07	  9.55	-	 2.6
15.07	  6.73	-	 3.8
16.07	  5.98	-	 3.3
17.07	  7.24	-	 6.5
18.07	  9.12	-	 5.5
19.07	  7.50	-	 3.7
20.07	  7.01	-	 4.6
21.07	  5.79	-	 6.1
22.07	  6.21	-	 5.8
23.07	  5.36	-	 5.2
24.07	  6.88	-	 5.4
25.07	  6.55	-	 5.0
26.07	  5.79	-	 2.5
27.07	  6.75	-	 3.5
28.07	  7.40	-	 2.6
29.07	  7.88	-	 1.2
30.07	  8.86	-	 2.2
31.07	  8.35	-	 2.5
01.08	  9.92	-	 4.5
02.08	  9.10	-	 6.1
03.08	  7.25	-	 4.5
04.08	  7.96	-	 3.8
05.08	  7.34	-	 4.6
06.08	  8.82	-	 3.0
07.08	  9.40	-	 6.9
08.08	  6.53	-	 5.4
09.08	  4.53	-	 5.2
10.08	  3.92	-	 7.9
11.08	  3.06	-	 5.5
12.08	  4.31	-	 4.8
13.08	  2.58	-	 2.9
14.08	  4.76	-	 6.1
15.08	  7.46	-	 3.6
16.08	  9.43	-	 3.5
17.08	 10.97	-	 5.1
18.08	 10.15	-	 8.0
19.08	  8.76	-	 2.2
20.08	  8.75	-	 3.9
21.08	  8.95	-	 1.8
22.08	  7.59	-	 3.6
23.08	  6.40	-	 3.0
24.08	  6.80	-	 4.2
25.08	  6.39	-	 2.6
26.08	 10.09	-	 6.6
27.08	  8.99	-	 6.6
28.08	  8.65	-	 5.9
29.08	  6.76	-	 3.5
30.08	  5.41	-	 2.1
31.08	  3.65	-	 2.1
01.09	  2.76	-	 1.6
02.09	  2.45	-	 1.8
03.09	  5.56	-	 4.9
04.09	  8.24	-	 3.8
05.09	  5.80	-	 5.0
06.09	  5.30	-	 7.5
07.09	  4.44	-	 5.9
08.09	  4.50	-	 3.1
09.09	  4.25	-	 3.4
10.09	  3.04	-	 6.9
11.09	  2.07	-	 3.0
12.09	  3.56	-	 5.2
13.09	  6.44	-	10.2
14.09	  5.72	-	 3.9
15.09	  2.89	-	 2.1
16.09	  3.01	-	 2.6
17.09	  5.83	-	 2.8
18.09	  4.60	-	 1.4
19.09	  5.61	-	 2.0
20.09	  8.53	-	 5.6
21.09	  7.33	-	 8.5
22.09	  4.14	-	 8.4
23.09	  2.71	-	 4.2
24.09	  0.42	-	 1.5
25.09	 -2.25	-	 2.1
26.09	 -4.09	-	 1.5
27.09	 -0.69	-	 3.2
28.09	  1.09	-	 5.1
29.09	  4.00	-	 4.5
30.09	  4.64	-	 5.1
01.10	  0.39	-	 5.3
02.10	  0.42	 1.0	 5.5
03.10	 -1.12	-	 8.2
04.10	 -3.51	-	 1.8
05.10	 -4.73	 5.0	 3.4
07.10	 -2.38	-	 8.0
08.10	 -0.89	 4.0	 7.0
09.10	  1.08	 4.0	 7.7
10.10	 -0.37	 3.0	 4.1
11.10	 -4.38	 4.0	 8.7
12.10	 -6.93	 4.0	 3.7
13.10	 -5.46	-	 3.4
14.10	 -2.94	 4.0	 9.4
15.10	 -4.94	-	 3.5
16.10	 -6.05	-	 4.5
17.10	 -7.51	 5.0	 4.4
18.10	 -6.35	 4.0	 3.8
19.10	 -8.17	 4.0	 4.7
20.10	 -7.38	 4.0	 4.3
21.10	 -6.70	 8.0	 3.1
22.10	 -5.45	 6.0	 3.9
23.10	 -6.68	 5.0	 3.0
24.10	-10.47	 5.0	 3.5
25.10	 -9.03	 5.0	 4.5
26.10	 -9.20	 5.0	 4.5
27.10	 -5.09	 5.0	 4.1
28.10	 -3.78	-	 3.5
29.10	 -4.40	 8.0	 8.6
30.10	 -5.08	 8.0	 5.8
31.10	-10.81	10.0	 4.9
01.11	 -8.31	10.0	 7.0
02.11	 -6.70	10.0	 5.0
03.11	 -6.87	10.0	 3.7
04.11	 -6.18	10.0	 7.9
05.11	 -1.54	 5.0	 7.5
06.11	 -7.10	 7.0	 8.6
07.11	 -7.41	10.0	 7.1
08.11	 -8.38	 8.0	 5.2
09.11	 -7.03	-	 4.7
10.11	 -2.16	 5.0	 4.6
11.11	 -5.54	 7.0	 6.7
12.11	-10.57	 7.0	 5.1
13.11	 -9.23	-	 3.4
14.11	 -8.38	 7.0	 5.8
15.11	 -1.06	-	 6.3
16.11	 -5.77	 8.0	 9.2
17.11	-10.93	-	 8.2
18.11	 -9.46	 6.0	 5.3
19.11	 -8.83	 6.0	 3.2
20.11	 -8.13	 6.0	 4.2
21.11	 -6.87	 5.0	 5.7
22.11	  0.51	 8.0	11.8
23.11	 -1.40	 5.0	10.4
24.11	 -3.18	 5.0	 5.2
25.11	 -9.38	 7.0	 6.6
26.11	-14.47	 7.0	 5.1
27.11	-16.43	-	 5.8
28.11	-17.36	 7.0	 5.8
29.11	-15.78	 8.0	 5.5
30.11	-15.26	 9.0	 6.4
01.12	-14.40	 9.0	 6.0
02.12	-15.50	 8.0	 4.6
03.12	-14.86	 8.0	 5.7
04.12	-14.99	 8.0	 3.4
05.12	-15.96	 8.0	 5.2
06.12	-15.73	 8.0	 3.5
07.12	-16.77	 7.0	 5.3
08.12	-14.40	 8.0	 4.2
09.12	 -9.18	 8.0	 4.6
10.12	 -7.06	 8.0	 7.6
11.12	 -8.53	 8.0	 8.0
12.12	 -9.30	 7.0	 4.4
13.12	 -7.03	 7.0	 4.0
14.12	 -1.39	 8.0	 8.7
15.12	 -2.52	 8.0	 6.9
16.12	  2.32	 6.0	 9.3
17.12	  1.51	 3.0	 7.8
18.12	 -2.42	 7.0	 6.0
19.12	 -0.09	 6.0	 4.5
20.12	 -0.05	 8.0	 4.1
21.12	 -2.69	-	 7.3
22.12	 -5.24	-	 8.5
23.12	 -6.60	-	11.6
24.12	 -9.85	-	11.7
25.12	 -8.45	-	12.6
26.12	 -7.25	-	10.7
27.12	 -9.43	-	 8.7
28.12	 -7.90	 3.0	 9.9
29.12	 -8.64	 3.0	 7.9
30.12	-11.33	 3.0	 5.4
31.12	 -8.29	 4.0	 3.5
