01.01	-10.51	-	 8.1
02.01	 -8.57	-	 9.8
03.01	 -7.72	-	 4.5
04.01	 -4.60	-	 5.5
05.01	 -6.05	-	 4.0
06.01	 -4.79	-	 3.4
07.01	 -3.86	-	11.2
08.01	  2.66	-	 9.9
09.01	  1.89	-	 8.9
10.01	 -0.91	-	 5.0
11.01	 -3.80	-	 4.9
12.01	 -4.28	-	 5.8
13.01	 -5.77	-	 7.6
14.01	 -9.47	-	 5.6
15.01	-12.56	-	 6.1
16.01	-11.30	-	 6.2
17.01	 -9.51	-	 8.0
18.01	-13.06	-	 9.2
19.01	-15.99	-	 6.5
20.01	-15.71	-	 7.4
21.01	-14.30	-	 9.5
22.01	-16.80	-	 8.0
23.01	-15.78	-	 4.8
24.01	 -3.29	-	 5.5
25.01	 -9.62	-	10.1
26.01	-21.65	-	 8.4
27.01	-20.94	-	 6.9
28.01	-18.28	-	 5.6
29.01	 -7.06	-	 6.8
30.01	 -2.92	-	11.2
31.01	 -2.14	-	 8.4
01.02	 -3.15	-	 9.9
02.02	 -3.96	-	 8.0
03.02	 -3.74	-	 8.6
04.02	 -8.44	-	 5.9
05.02	 -5.80	-	 5.0
06.02	-10.75	-	 4.4
07.02	 -6.83	-	 4.0
08.02	 -9.53	-	 7.2
09.02	-10.56	-	 6.5
10.02	-10.94	-	 4.6
11.02	-10.15	-	 6.2
12.02	-13.76	-	 4.5
13.02	-13.20	-	 4.8
14.02	 -9.90	-	 4.4
15.02	 -6.80	-	 4.6
16.02	 -6.89	-	 5.1
17.02	 -9.29	-	 3.8
18.02	-10.21	-	 5.5
19.02	-13.49	-	 5.1
20.02	-12.85	-	 2.5
21.02	 -7.17	-	 3.5
22.02	 -4.61	-	 4.8
23.02	 -9.92	-	 2.4
24.02	 -9.04	-	 5.5
25.02	 -9.11	-	 3.9
26.02	-12.64	-	 3.0
27.02	 -6.84	-	 9.8
28.02	-11.00	-	 4.8
01.03	-13.77	-	 5.1
02.03	-10.15	-	 7.8
03.03	-14.45	-	 6.4
04.03	-11.83	-	 6.4
05.03	 -3.87	-	 5.4
06.03	  0.49	-	 2.1
07.03	 -1.06	-	 4.0
08.03	 -2.64	-	 4.0
09.03	 -3.71	-	 1.5
10.03	 -4.91	-	 2.6
11.03	 -6.86	-	 1.9
12.03	 -5.88	-	 2.4
13.03	 -2.70	-	 2.9
14.03	 -3.87	-	 4.9
15.03	 -5.39	-	 5.8
16.03	 -2.53	-	 6.2
17.03	 -3.90	-	10.8
18.03	-11.94	-	 8.6
19.03	-13.26	-	 6.9
20.03	-11.86	-	 3.1
21.03	 -8.50	-	 4.0
22.03	  0.50	-	-
23.03	 -1.10	-	 8.7
24.03	  1.60	-	11.8
25.03	 -4.85	-	 9.0
26.03	 -6.91	-	 5.0
27.03	 -6.83	-	 4.9
28.03	 -7.19	-	 3.9
29.03	-10.31	-	 3.8
30.03	-15.31	-	 5.4
31.03	-16.82	-	 4.1
01.04	-18.41	-	 6.1
02.04	-17.22	-	 2.6
03.04	-15.82	-	 4.4
04.04	-10.26	-	 8.0
05.04	-14.01	-	 7.4
06.04	-10.24	-	 5.6
07.04	-13.15	-	 3.2
08.04	-13.25	-	 2.6
09.04	-14.96	-	 4.2
10.04	-10.85	-	 3.4
11.04	 -8.90	-	 3.5
12.04	 -3.18	-	 3.5
13.04	  1.05	-	 7.6
14.04	 -5.44	-	 7.2
15.04	 -6.82	-	 7.2
16.04	 -9.60	-	 3.4
17.04	-13.65	-	 4.2
18.04	-12.47	-	 4.8
19.04	-11.50	-	 4.1
20.04	-11.51	-	 3.5
21.04	 -8.60	-	 3.1
22.04	 -4.21	-	 4.9
23.04	 -6.17	-	 4.9
24.04	 -5.76	-	 6.9
25.04	 -4.46	-	 7.0
26.04	 -7.59	-	 3.4
27.04	 -8.34	-	 2.4
28.04	 -7.19	-	 2.6
29.04	 -8.30	-	 3.0
30.04	 -1.94	-	 2.2
01.05	 -2.06	-	 4.1
02.05	 -3.12	-	 3.2
03.05	 -4.60	-	 4.4
04.05	 -7.10	-	 5.5
05.05	 -9.94	-	 3.9
06.05	-10.00	-	 6.6
07.05	 -6.97	-	 7.0
08.05	 -3.58	-	 9.9
09.05	  0.47	-	 8.4
10.05	  1.10	-	 7.6
11.05	  0.86	-	 4.1
12.05	 -1.62	-	 3.6
13.05	 -4.09	-	 2.4
14.05	 -4.10	-	 2.0
15.05	 -0.40	-	 4.2
16.05	  2.60	-	 2.5
17.05	  1.10	-	 2.2
18.05	  0.81	-	 1.4
19.05	  1.38	-	 1.6
20.05	  2.76	-	 2.9
21.05	  2.21	-	 2.1
22.05	  2.65	-	 1.6
23.05	  1.60	-	 5.1
24.05	 -0.10	-	 6.2
25.05	 -0.04	-	 4.0
26.05	 -2.57	-	 4.2
27.05	 -2.55	-	 3.1
28.05	 -2.20	-	 6.9
29.05	 -0.21	-	 4.4
30.05	  1.98	-	 4.6
31.05	  2.57	-	 4.1
01.06	  2.84	-	 7.1
02.06	  2.39	-	 3.0
03.06	  3.54	-	 3.1
04.06	  3.35	-	 1.1
05.06	  3.44	-	 4.2
06.06	  2.45	-	 3.2
07.06	  3.30	-	 3.4
08.06	  4.75	-	 3.4
09.06	  3.49	-	 3.2
10.06	  3.45	-	 4.0
11.06	  2.14	-	 7.6
12.06	  3.59	-	 2.5
13.06	  3.15	-	 3.6
14.06	  3.23	-	 6.8
15.06	  5.45	-	 2.8
16.06	  5.76	-	 5.2
17.06	  6.27	-	 3.0
18.06	  8.45	-	 3.1
19.06	  4.74	-	 4.9
20.06	  4.25	-	 2.4
21.06	  5.11	-	 3.0
22.06	  7.51	-	 5.5
23.06	  7.92	-	 2.6
24.06	  8.26	-	 3.0
25.06	  8.35	-	 4.2
26.06	  9.00	-	 4.8
27.06	  8.42	-	 7.6
28.06	  6.17	-	 7.5
29.06	  5.76	-	 5.9
30.06	  5.16	-	 5.6
01.07	  6.84	-	 5.6
02.07	  6.94	-	 5.6
03.07	  5.55	-	 3.5
04.07	  6.22	-	 3.1
05.07	  6.36	-	 5.5
06.07	  6.25	-	 3.9
07.07	  5.90	-	 4.6
08.07	  6.79	-	 5.0
09.07	  7.33	-	 6.0
10.07	  8.75	-	 7.0
11.07	 10.64	-	 5.9
12.07	  8.16	-	 3.0
13.07	  7.19	-	 5.6
14.07	  7.80	-	 4.4
15.07	  8.40	-	 7.2
16.07	  9.86	-	 3.9
17.07	  8.96	-	 5.0
18.07	  6.84	-	 2.9
19.07	  6.11	-	 3.2
20.07	  6.26	-	 2.5
21.07	  7.25	-	 5.8
22.07	  7.55	-	 3.9
23.07	  6.75	-	 5.1
24.07	  8.20	-	 5.0
25.07	  8.74	-	 3.1
26.07	  9.66	-	 3.2
27.07	 10.39	-	 4.2
28.07	  9.44	-	 4.9
29.07	  8.05	-	 3.1
30.07	  8.75	-	 2.0
31.07	  9.62	-	 3.8
01.08	  9.72	-	 5.8
02.08	 11.50	-	 8.0
03.08	 12.39	-	 3.8
04.08	 10.73	-	 2.9
05.08	 11.66	-	 8.6
06.08	 10.74	-	 7.1
07.08	  8.79	-	 2.9
08.08	  7.65	-	 2.6
09.08	  9.16	-	 4.2
10.08	  8.72	-	 5.5
11.08	  5.94	-	 5.2
12.08	  6.34	-	 2.9
13.08	  5.80	-	 4.1
14.08	  7.95	-	 4.8
15.08	  7.98	-	 3.1
16.08	  6.71	-	 3.9
17.08	  5.27	-	 4.3
18.08	  4.67	-	 5.8
19.08	  3.80	-	10.2
20.08	  2.73	-	 8.4
21.08	  1.91	-	 5.2
22.08	  3.00	-	 3.4
23.08	  4.15	-	 6.2
24.08	  4.65	-	 4.0
25.08	  4.15	-	 2.8
26.08	  4.79	-	 3.9
27.08	  4.70	-	 3.5
28.08	  4.11	-	 5.2
29.08	  2.04	-	 2.8
30.08	  2.63	-	 4.0
31.08	  4.14	-	 4.9
01.09	  3.05	-	 3.4
02.09	  3.00	-	 4.1
03.09	  2.87	-	 2.3
04.09	  4.68	-	 4.4
05.09	  4.14	-	 2.2
06.09	  2.79	-	 3.2
07.09	  3.06	-	 3.2
08.09	  4.20	-	 2.0
09.09	  3.82	-	 3.2
10.09	  4.08	-	 3.6
11.09	  1.56	-	 4.9
12.09	  0.37	-	 3.0
13.09	  0.14	-	 4.0
14.09	  0.19	-	 1.8
15.09	  0.92	-	 4.9
16.09	  1.49	-	 5.4
17.09	  3.84	-	 5.1
18.09	  4.67	-	 2.0
19.09	  4.55	-	 2.0
20.09	  3.20	-	 1.9
21.09	  1.93	-	 0.9
22.09	  0.35	-	 3.9
23.09	  0.20	-	 2.1
24.09	 -0.10	-	 2.0
25.09	 -0.56	-	 1.8
26.09	 -0.96	-	 2.9
27.09	  0.65	-	 6.6
28.09	  2.18	-	 8.4
29.09	  1.78	-	 5.9
30.09	  0.33	-	 6.4
01.10	  3.48	-	 7.5
02.10	 -1.14	-	 7.0
03.10	 -3.16	-	 7.6
04.10	 -2.36	-	 7.1
05.10	 -4.37	-	 6.6
06.10	 -4.24	-	 7.2
07.10	 -0.29	-	 7.6
08.10	 -1.49	-	 3.8
09.10	 -1.25	-	 7.6
10.10	 -2.83	-	 7.1
11.10	 -2.19	-	 7.1
12.10	 -4.49	-	 3.1
13.10	 -3.40	-	 3.5
14.10	 -0.91	-	 8.1
15.10	 -2.70	-	 9.4
16.10	 -1.09	-	 5.0
17.10	 -3.58	-	 5.2
18.10	 -5.45	-	 6.2
19.10	 -8.07	-	 5.4
20.10	  0.64	-	11.1
21.10	 -3.12	-	 6.8
22.10	  1.20	-	 9.0
23.10	 -2.75	-	 8.5
24.10	 -3.99	-	 7.1
25.10	 -3.98	-	 4.6
26.10	 -6.28	-	 8.2
27.10	 -2.29	-	 6.4
28.10	  0.44	-	 3.5
29.10	 -1.65	-	 5.4
30.10	 -3.69	-	 6.0
31.10	 -3.69	-	-
01.11	 -4.99	-	 0.0
02.11	 -5.99	-	 0.0
03.11	 -5.20	-	 6.0
04.11	 -0.47	-	 6.1
05.11	  2.80	-	 7.5
06.11	 -0.37	-	 5.2
07.11	 -1.96	-	 7.9
08.11	 -3.34	-	 8.2
09.11	 -5.17	-	10.0
10.11	 -9.19	-	 6.4
11.11	 -8.43	-	 4.6
12.11	 -4.78	-	 8.5
13.11	 -4.60	-	 9.9
14.11	 -5.39	-	 5.1
15.11	 -6.15	-	 5.7
16.11	 -2.95	-	 6.1
17.11	 -6.39	-	 2.2
18.11	-10.41	-	 6.4
19.11	-10.12	-	 4.9
20.11	 -2.86	-	 8.5
21.11	 -3.83	-	 4.2
22.11	 -3.80	-	 3.4
23.11	 -6.01	-	 7.2
24.11	 -5.74	-	 7.4
25.11	 -7.35	-	 3.1
26.11	-10.45	-	 5.2
27.11	-12.16	-	 5.6
28.11	 -7.04	-	 6.1
29.11	 -3.98	-	 8.8
30.11	 -3.61	-	 9.6
01.12	 -5.47	-	 8.5
02.12	-11.21	-	 6.0
03.12	-10.89	-	 4.6
04.12	 -9.94	-	 5.0
05.12	 -5.00	-	10.8
06.12	 -7.19	-	 4.7
07.12	 -6.17	-	 2.4
08.12	-11.39	-	 4.7
09.12	-14.06	-	 4.6
10.12	-13.04	-	 4.1
11.12	-13.66	-	 4.1
12.12	 -3.35	-	 6.4
13.12	 -2.65	-	10.9
14.12	 -6.55	-	 4.4
15.12	 -2.83	-	 7.4
16.12	 -2.44	-	 9.9
17.12	 -5.83	-	 4.4
18.12	 -8.15	-	 5.6
19.12	 -5.75	-	11.9
20.12	 -6.96	-	 4.9
21.12	 -8.71	-	 6.9
22.12	 -6.74	-	 4.9
23.12	  0.99	-	 5.6
24.12	 -0.93	-	 9.4
25.12	 -9.16	-	14.0
26.12	 -7.08	-	 6.4
27.12	-14.60	-	 2.7
28.12	-19.24	-	 5.6
29.12	-19.74	-	 5.6
30.12	-17.74	-	 4.9
31.12	-11.06	-	 4.5
