01.01	-12.65	-	 6.0
02.01	-14.14	 9.0	 4.7
03.01	-16.62	 9.0	 6.0
04.01	-13.06	 9.0	 6.6
05.01	-10.40	 9.0	 7.9
06.01	 -9.84	10.0	 6.7
07.01	 -5.87	10.0	 7.5
08.01	 -4.03	10.0	 2.3
09.01	 -3.43	10.0	 3.9
10.01	 -1.07	10.0	 3.3
11.01	 -0.81	-	 4.5
12.01	  0.29	 8.0	 4.8
13.01	  4.41	-	 8.5
14.01	 -0.55	 1.0	 6.0
15.01	  1.47	 5.0	 2.6
16.01	  0.88	 5.0	 5.5
17.01	 -0.77	 2.0	 9.5
18.01	 -0.53	-	 7.8
19.01	 -2.07	-	 6.8
20.01	 -3.92	-	 5.6
21.01	 -4.43	 1.0	 3.8
22.01	 -2.34	 1.0	 5.8
23.01	 -1.96	 1.0	 6.5
24.01	 -2.12	 1.0	 8.2
25.01	 -5.32	 1.0	 6.2
26.01	 -9.63	 1.0	-
27.01	 -9.18	 1.0	-
28.01	 -5.45	 4.0	-
29.01	 -8.39	 7.0	-
30.01	-12.53	 8.0	-
31.01	-15.44	 8.0	-
01.02	-15.27	 8.0	-
02.02	 -9.94	 8.0	-
03.02	 -1.18	 2.0	-
04.02	  0.67	 3.0	-
05.02	  0.17	 3.0	-
06.02	 -1.64	12.0	-
07.02	 -4.17	12.0	-
08.02	 -4.54	12.0	-
09.02	 -2.12	12.0	-
10.02	  1.01	-	-
11.02	 -2.24	-	-
12.02	 -8.19	 8.0	 4.7
13.02	 -9.40	 8.0	 4.1
14.02	 -4.57	 8.0	 8.5
15.02	-10.42	 8.0	 3.5
16.02	-13.09	 8.0	 2.5
17.02	-13.32	 8.0	 3.0
18.02	-10.89	 8.0	 3.7
19.02	-10.18	 8.0	 2.1
20.02	 -6.08	 8.0	 4.1
21.02	 -9.91	 7.0	 6.0
22.02	 -9.31	 7.0	 5.5
23.02	 -3.63	 7.0	12.3
24.02	 -1.97	 7.0	 5.0
25.02	  0.09	 7.0	 6.3
26.02	  3.91	-	10.5
27.02	  2.10	-	12.0
28.02	 -8.23	-	 7.0
01.03	-12.17	-	 3.5
02.03	-11.01	-	 6.5
03.03	-12.82	-	 2.7
04.03	-10.46	-	 7.4
05.03	-11.22	-	 7.5
06.03	-13.02	-	 5.7
07.03	-15.12	-	 6.3
08.03	-16.43	-	 6.6
09.03	-16.96	-	 6.5
10.03	-14.54	-	 6.4
11.03	-14.98	-	 6.4
12.03	-15.04	-	 5.7
13.03	-15.31	-	 2.4
14.03	-14.22	-	 2.0
15.03	-10.28	-	 4.1
16.03	 -5.23	 2.0	 2.9
17.03	 -0.95	 3.0	10.7
18.03	 -6.96	 5.0	13.0
19.03	-15.83	-	 8.7
20.03	-15.82	-	 7.7
