01.01	  3.98	10.0	 5.0
02.01	  3.37	 1.0	 7.1
03.01	  3.95	 1.0	 7.1
04.01	 -0.18	 1.0	 5.3
05.01	 -4.26	 1.0	 3.8
06.01	 -8.45	 1.0	 4.5
07.01	 -7.69	-	 5.5
08.01	 -8.47	-	 9.1
09.01	 -6.91	-	 9.2
10.01	 -7.19	-	 7.5
11.01	 -6.25	-	 8.9
12.01	 -8.67	-	 3.3
13.01	 -8.28	-	 2.4
14.01	 -5.25	-	 8.3
15.01	 -5.75	24.0	 5.4
16.01	 -2.40	 9.0	 7.0
17.01	 -2.83	 6.0	 6.9
18.01	 -2.43	 6.0	 6.6
19.01	 -3.21	 6.0	 6.2
20.01	 -5.80	-	 4.9
21.01	 -8.05	 8.0	 3.9
22.01	 -3.82	 8.0	 1.8
23.01	 -0.20	10.0	 2.0
24.01	  2.26	10.0	 8.0
25.01	  0.15	 8.0	 9.0
26.01	 -2.90	 4.0	10.5
27.01	 -4.36	 4.0	 9.6
28.01	 -5.33	 4.0	 7.6
29.01	 -7.81	 4.0	 5.8
30.01	 -0.60	 4.0	 8.3
31.01	 -2.72	 4.0	 8.5
01.02	 -1.78	 5.0	 7.7
02.02	 -4.48	 5.0	 9.0
03.02	 -6.87	 5.0	 7.4
04.02	 -6.36	 4.0	 8.5
05.02	-10.15	 4.0	 3.7
06.02	-10.49	 4.0	 5.7
07.02	-10.83	 4.0	 8.5
08.02	-10.15	 4.0	 8.1
09.02	 -7.13	-	 5.8
10.02	 -8.61	 4.0	 7.5
11.02	 -8.20	 4.0	 4.4
12.02	 -9.43	 5.0	 7.7
13.02	 -9.33	 4.0	 5.8
14.02	 -2.30	 4.0	 7.7
15.02	 -0.77	 4.0	 8.0
16.02	 -2.41	 4.0	 2.5
17.02	 -2.89	 4.0	 6.1
18.02	 -0.79	 4.0	 6.1
19.02	 -3.30	 4.0	 4.4
20.02	 -1.60	 4.0	 4.3
21.02	 -2.55	 3.0	 5.6
22.02	  0.10	 5.0	 4.9
23.02	 -0.31	 5.0	 4.2
24.02	 -2.18	 5.0	 7.1
25.02	 -4.83	 4.0	 4.8
26.02	 -6.91	-	 5.2
27.02	-10.00	-	 4.4
28.02	 -9.88	 3.0	 4.8
29.02	 -7.13	 4.0	 4.4
01.03	 -6.17	 4.0	 4.2
03.03	  0.87	-	 6.6
04.03	  0.25	-	 3.8
05.03	 -1.86	 5.0	 4.5
06.03	 -3.75	 5.0	 3.8
07.03	 -4.76	 5.0	 4.7
08.03	 -6.62	 5.0	 1.9
09.03	 -6.45	 5.0	 2.2
10.03	 -5.08	 5.0	 2.3
11.03	  0.49	 5.0	 4.7
12.03	  1.97	 2.0	 6.4
13.03	  2.53	 5.0	 7.8
14.03	 -4.32	 3.0	 7.1
15.03	 -4.09	 8.0	 4.6
16.03	-13.15	 6.0	 7.8
17.03	-15.41	 6.0	 7.0
18.03	-15.14	 5.0	 3.6
19.03	-12.69	-	 2.5
20.03	-14.46	 5.0	 4.8
21.03	-13.11	 5.0	 4.6
22.03	-15.20	 9.0	 4.8
23.03	-14.99	 9.0	 4.9
24.03	-13.57	10.0	 5.4
25.03	-15.38	10.0	 4.5
26.03	-13.46	10.0	 5.0
27.03	 -4.33	11.0	 6.4
28.03	 -0.50	11.0	 8.0
29.03	 -4.45	 9.0	 5.9
30.03	 -3.88	 9.0	 5.6
31.03	 -5.10	 9.0	 5.2
01.04	 -9.88	-	 5.0
02.04	 -5.82	 9.0	 3.0
03.04	 -1.55	 9.0	 6.0
04.04	 -2.69	14.0	 5.0
05.04	 -5.21	12.0	 3.4
06.04	 -4.93	11.0	 3.3
07.04	 -3.25	12.0	 1.7
08.04	 -3.73	12.0	 3.7
09.04	 -3.88	12.0	 3.5
10.04	 -7.24	13.0	 5.7
11.04	-13.36	13.0	 4.4
12.04	-12.06	13.0	 3.8
13.04	-12.43	13.0	 3.6
14.04	-12.40	13.0	 4.6
15.04	-11.00	13.0	 4.4
16.04	 -9.57	13.0	 4.8
17.04	 -9.81	13.0	 5.8
18.04	 -9.47	12.0	 4.0
19.04	 -8.26	12.0	 4.0
20.04	 -7.07	12.0	 6.8
21.04	 -8.25	12.0	 4.6
22.04	 -1.66	12.0	 5.2
25.04	 -6.63	-	 4.3
26.04	 -5.18	10.0	 6.7
27.04	 -1.71	-	 7.2
28.04	 -2.12	-	 4.1
29.04	  0.00	-	 1.0
02.05	  1.75	 5.0	 4.7
03.05	  0.30	-	 1.7
04.05	 -3.30	-	-
06.05	  0.72	-	 8.2
07.05	  0.50	 5.0	 9.3
08.05	  1.97	 4.0	 3.9
09.05	  1.06	-	 3.6
10.05	  0.77	-	 3.0
11.05	  2.19	-	 9.9
12.05	  3.12	-	 9.6
13.05	  2.25	-	 9.0
14.05	  0.66	-	 5.5
15.05	  1.63	-	 3.2
16.05	  1.32	-	 2.1
17.05	 -0.16	-	 9.1
18.05	 -1.23	-	 8.7
19.05	 -2.42	-	 3.6
20.05	 -0.77	-	 2.9
21.05	  1.35	-	 5.1
22.05	  2.84	-	 3.9
23.05	  2.68	-	 2.7
24.05	  2.99	-	 1.7
25.05	  2.07	-	 5.4
26.05	  3.20	-	 3.2
27.05	  5.38	-	 6.2
28.05	  2.88	-	 8.9
29.05	  3.93	-	 3.5
30.05	  4.25	-	 2.6
31.05	  3.98	-	 2.2
01.06	  4.19	-	 4.8
02.06	  3.49	-	 3.9
03.06	  2.31	-	 3.3
04.06	  1.31	-	 4.9
05.06	  1.60	-	 2.2
06.06	  1.54	-	 2.6
07.06	  2.88	-	 3.5
08.06	  3.67	-	 3.6
09.06	  4.45	-	 7.6
10.06	  3.70	-	 7.9
11.06	  3.75	-	 3.4
12.06	  3.76	-	 3.4
13.06	  4.52	-	 3.4
14.06	  6.37	-	 3.1
15.06	  4.42	-	 5.8
16.06	  5.01	-	 4.2
17.06	  5.58	-	 3.0
18.06	  5.36	-	 4.5
19.06	  5.16	-	 6.2
20.06	  5.09	-	 6.0
21.06	  5.43	-	 5.8
22.06	  6.52	-	 3.8
23.06	  6.02	-	 5.7
24.06	  6.50	-	 4.6
25.06	  7.24	-	 3.2
26.06	  8.13	-	 2.2
27.06	  7.76	-	 3.6
28.06	  8.65	-	 3.1
29.06	  8.08	-	 5.6
30.06	  7.28	-	 4.2
01.07	  9.02	-	 2.5
02.07	 12.10	-	 5.1
03.07	 11.44	-	 6.0
04.07	  6.65	-	 4.2
05.07	  7.15	-	 4.3
06.07	  8.86	-	 4.5
07.07	  8.78	-	 8.0
08.07	 11.25	-	 3.2
09.07	 10.72	-	 6.1
10.07	 10.43	-	 7.8
11.07	  8.41	-	 9.2
12.07	 10.30	-	 9.0
13.07	  8.40	-	 3.9
14.07	 10.03	-	 2.0
15.07	 10.18	-	 2.8
16.07	  8.65	-	 5.0
17.07	  9.24	-	 2.6
18.07	 10.58	-	 9.2
19.07	  9.15	-	 5.1
20.07	  7.94	-	 6.1
21.07	  7.66	-	 8.7
22.07	  6.89	-	 4.7
23.07	  8.04	-	 2.5
24.07	  7.35	-	 4.5
25.07	  9.05	-	 3.1
26.07	  9.73	-	 3.2
27.07	  9.58	-	 9.1
28.07	  7.62	-	 5.7
29.07	  7.13	-	 4.5
30.07	  7.34	-	 5.5
31.07	  7.73	-	 4.2
01.08	  9.12	-	 2.8
02.08	 10.46	-	 5.5
03.08	  6.50	-	 8.0
04.08	  6.50	-	 4.9
05.08	  5.69	-	 2.9
06.08	  6.13	-	 2.4
07.08	  6.36	-	 3.4
08.08	  5.17	-	 4.3
09.08	  6.29	-	 5.5
10.08	  6.35	-	 4.9
11.08	  5.77	-	 4.1
12.08	  5.81	-	 2.5
13.08	  6.33	-	 3.1
14.08	  6.31	-	 7.1
15.08	  5.11	-	 4.1
16.08	  6.91	-	 2.8
17.08	  7.64	-	 3.4
18.08	  7.95	-	 4.6
19.08	  9.35	-	 4.8
20.08	  7.54	-	 2.6
21.08	  6.03	-	 7.0
22.08	  5.60	-	 6.6
23.08	  4.17	-	 5.1
24.08	  3.70	-	 3.2
25.08	  3.95	-	 6.0
26.08	  2.25	-	 6.4
27.08	  3.76	-	 4.6
28.08	  4.68	-	10.4
29.08	  3.55	-	 7.5
30.08	  3.18	-	 2.5
31.08	  2.82	-	 2.2
01.09	  2.24	-	 2.2
02.09	  1.90	-	 6.5
03.09	  3.17	-	 4.1
04.09	  4.49	-	 2.9
05.09	  3.13	-	 1.8
06.09	  4.18	-	 3.0
07.09	  3.56	-	 1.7
08.09	  4.16	-	 2.0
09.09	  3.88	-	 1.8
10.09	  2.33	-	 2.5
11.09	  2.47	-	 1.8
12.09	  2.38	-	 0.9
13.09	  3.42	-	 4.0
14.09	  7.41	-	 6.5
15.09	  3.42	-	 7.3
16.09	  3.81	-	 3.0
17.09	  8.29	-	 5.5
18.09	  9.10	-	 6.8
19.09	  4.45	-	 8.5
20.09	  3.45	-	 2.4
21.09	  6.35	-	 7.0
22.09	  3.09	-	 4.5
23.09	  1.53	-	 2.0
24.09	  3.39	-	 1.5
25.09	  3.77	-	 1.5
26.09	  4.96	-	 4.2
27.09	  8.36	-	 3.5
28.09	  4.49	-	 2.1
29.09	  2.90	-	 6.8
30.09	  1.83	-	 6.1
01.10	  2.89	-	 6.0
02.10	  2.38	-	 3.8
03.10	 -1.47	-	 8.3
04.10	  2.70	 1.0	 5.3
05.10	  5.70	-	 6.4
06.10	  1.77	-	 5.1
07.10	  6.55	-	10.0
08.10	  2.81	-	 5.0
09.10	  3.43	-	 4.0
10.10	  7.06	-	 8.5
11.10	  4.67	-	 2.5
12.10	  2.73	-	 5.8
13.10	  0.29	-	 2.0
14.10	  4.55	-	 6.0
15.10	  0.48	-	12.6
16.10	 -2.03	-	 6.5
17.10	  1.36	-	 4.1
18.10	  3.27	-	 3.0
19.10	  4.34	-	 3.4
20.10	  7.82	-	 6.5
21.10	  7.43	-	 9.2
22.10	  4.81	-	 5.5
23.10	  5.87	-	 5.7
24.10	  3.89	-	 3.0
25.10	  2.44	-	 3.9
26.10	  4.08	-	 4.0
27.10	  4.74	-	 9.7
28.10	  3.36	-	 8.7
29.10	  1.11	-	 6.2
30.10	  0.05	-	 5.1
31.10	 -0.69	-	 3.0
01.11	 -1.92	-	 3.7
02.11	 -2.50	-	 4.6
03.11	 -2.69	-	 2.5
04.11	 -0.64	-	 3.9
05.11	 -2.13	-	 3.7
06.11	  1.22	-	 4.6
07.11	  4.76	-	 6.3
08.11	  1.73	-	10.1
09.11	  3.92	-	 8.5
10.11	  2.78	-	 4.7
11.11	  2.01	-	 5.0
12.11	 -0.28	 2.0	 2.6
13.11	 -1.45	 2.0	 2.2
14.11	  3.32	-	 6.8
15.11	  2.39	-	 6.3
16.11	  3.40	-	 6.3
17.11	  2.32	-	 4.8
18.11	  2.02	-	 6.2
19.11	  0.67	-	 7.3
20.11	  1.35	-	 8.2
21.11	 -0.60	-	 7.3
22.11	 -2.09	-	 3.8
23.11	 -1.96	-	 5.8
24.11	 -2.07	-	 4.9
25.11	 -4.27	-	 5.1
26.11	 -8.02	-	 4.5
27.11	 -9.39	-	 3.7
28.11	 -4.70	 2.0	 8.4
29.11	 -2.55	-	12.4
30.11	 -4.78	-	 7.6
01.12	 -9.08	-	 4.5
02.12	 -6.53	-	 6.1
03.12	 -4.43	 5.0	 6.0
04.12	 -5.30	 8.0	 4.4
05.12	-10.11	 5.0	 6.7
06.12	-14.95	 5.0	 5.7
07.12	-15.05	 5.0	 4.2
08.12	-16.40	 5.0	 3.6
09.12	-10.99	 5.0	 2.8
10.12	-12.77	 5.0	 4.5
11.12	-10.60	 5.0	 3.2
12.12	-11.79	 5.0	 5.4
13.12	-10.64	 5.0	 5.6
14.12	 -2.50	 5.0	 5.2
15.12	 -0.72	-	 3.5
16.12	 -1.18	 8.0	 2.3
17.12	 -0.64	 8.0	 3.5
18.12	 -0.07	11.0	 5.5
19.12	 -1.58	14.0	 9.5
20.12	 -1.31	15.0	 9.2
21.12	  2.09	14.0	 7.6
22.12	  0.60	-	 6.6
23.12	 -3.06	14.0	 4.0
24.12	 -3.11	15.0	 4.0
25.12	 -4.84	19.0	 2.1
26.12	 -6.60	18.0	 3.1
27.12	 -4.03	19.0	 6.7
28.12	 -4.12	18.0	12.3
29.12	 -2.89	15.0	16.3
30.12	 -5.65	-	13.7
31.12	 -7.54	19.0	 7.6
