01.01	 -2.48	-	 7.2
02.01	  0.24	 8.0	 7.8
03.01	  0.73	 8.0	 6.8
04.01	 -1.24	-	 7.0
05.01	 -3.62	-	 7.2
06.01	 -5.09	 8.0	 6.6
07.01	 -9.25	-	 6.8
08.01	-13.00	-	 3.0
09.01	-10.46	-	 3.0
10.01	 -3.94	 8.0	 8.1
11.01	 -2.25	-	 7.1
12.01	 -4.49	-	 8.6
13.01	 -6.88	-	 4.4
14.01	 -2.90	 9.0	 8.6
15.01	  2.42	 7.0	 6.6
16.01	 -4.56	 7.0	 7.7
17.01	 -0.80	 7.0	 3.0
18.01	 -1.69	 7.0	 3.5
19.01	 -0.03	 7.0	 2.6
20.01	 -3.14	 7.0	 1.5
21.01	 -2.88	-	 2.1
22.01	 -8.24	-	 4.5
23.01	 -8.23	-	 5.4
24.01	 -9.97	 6.0	 3.8
25.01	-11.09	-	 2.9
26.01	 -0.79	-	 8.1
27.01	  2.71	-	 5.2
28.01	 -0.26	-	 9.3
29.01	  2.78	-	 8.2
30.01	  4.06	 4.0	11.6
31.01	  1.41	 4.0	 5.1
01.02	 -0.38	-	 7.6
02.02	 -2.02	-	 4.5
03.02	 -3.02	-	 8.9
04.02	 -0.81	-	 5.9
05.02	  1.68	 8.0	 3.6
06.02	 -0.39	 4.0	 4.0
07.02	  1.00	 4.0	 5.9
08.02	  4.62	-	12.9
09.02	 -1.31	 4.0	 9.1
10.02	 -7.59	-	 2.8
11.02	 -9.76	-	 3.8
12.02	 -9.74	 8.0	 4.9
13.02	-14.46	 8.0	 4.0
14.02	-14.69	-	 4.1
15.02	-14.06	-	 5.8
16.02	-15.45	-	 6.0
17.02	 -4.30	-	10.0
18.02	 -0.13	-	12.4
19.02	 -2.01	12.0	 9.4
20.02	 -2.40	 8.0	 7.6
21.02	 -4.86	-	 4.0
22.02	 -7.00	 8.0	 2.3
23.02	 -9.43	 9.0	 3.1
24.02	-11.56	-	 1.0
25.02	 -8.49	 9.0	 2.9
26.02	-10.12	 9.0	 1.9
27.02	 -9.43	13.0	 9.1
28.02	 -3.26	 6.0	12.4
29.02	 -2.41	 8.0	 8.8
01.03	 -8.76	 8.0	 3.1
02.03	-10.68	 8.0	 7.1
03.03	 -6.14	 8.0	 5.1
04.03	  2.49	 8.0	 5.6
05.03	  2.86	 7.0	 6.2
06.03	  0.56	 7.0	 6.0
07.03	 -0.89	 7.0	 7.5
08.03	  0.36	 7.0	 8.0
09.03	  1.21	 7.0	 9.0
10.03	 -1.80	 7.0	 5.8
11.03	 -5.26	 7.0	 1.9
12.03	 -6.11	-	 4.5
13.03	 -9.05	 8.0	 3.0
14.03	 -9.95	 8.0	 4.0
15.03	 -7.46	 6.0	 9.4
16.03	 -0.79	 5.0	11.6
17.03	 -2.44	 5.0	 9.2
18.03	 -5.19	 5.0	 7.5
19.03	 -4.60	 5.0	 7.6
20.03	 -6.15	 5.0	 5.2
21.03	 -7.67	 5.0	 2.8
22.03	 -7.50	 5.0	 2.0
23.03	 -5.73	 5.0	 2.6
24.03	 -9.83	-	 5.3
25.03	-13.98	 5.0	 5.6
26.03	 -8.24	 5.0	 5.1
27.03	 -1.84	 5.0	 5.4
28.03	 -3.35	 5.0	 6.2
29.03	 -8.14	 5.0	 5.5
30.03	 -7.92	 5.0	 5.1
31.03	-11.95	 5.0	 7.9
01.04	-13.91	 5.0	 4.1
02.04	-14.07	 5.0	 4.6
03.04	-14.79	 5.0	 4.0
04.04	-11.96	 5.0	 5.6
05.04	-14.90	 5.0	 4.5
06.04	-13.76	 5.0	 4.5
07.04	 -9.51	-	 4.6
08.04	 -9.07	-	 3.9
09.04	-10.51	 5.0	 5.0
10.04	-10.18	 5.0	 4.1
11.04	-10.11	 5.0	 6.8
12.04	-10.81	 5.0	 5.8
13.04	-11.10	-	 5.6
14.04	-10.29	 5.0	 3.9
15.04	 -9.70	 5.0	 4.2
16.04	 -9.59	 6.0	 5.2
17.04	 -8.66	 6.0	 5.4
18.04	-11.32	 6.0	 5.6
19.04	-12.06	 6.0	 4.5
20.04	-10.69	 6.0	 2.6
21.04	 -9.65	 4.0	 2.9
22.04	 -7.72	-	 2.9
23.04	 -5.20	 8.0	 1.8
24.04	 -1.59	 5.0	 5.0
25.04	 -2.77	 5.0	 6.0
26.04	 -2.96	 5.0	 3.6
27.04	 -3.50	 5.0	 1.5
28.04	 -3.50	 5.0	 3.2
29.04	 -5.55	-	 2.8
30.04	 -6.10	 8.0	 7.2
01.05	 -4.51	 6.0	 4.0
02.05	 -6.15	18.0	 3.2
03.05	 -6.69	22.0	 2.0
04.05	 -2.74	22.0	 2.8
05.05	 -2.86	-	 2.9
06.05	 -3.51	-	 4.1
07.05	 -5.71	12.0	 5.1
08.05	 -6.19	11.0	 3.5
09.05	 -5.03	-	 3.1
10.05	 -1.14	10.0	 6.1
11.05	 -2.49	10.0	 9.1
12.05	 -2.16	-	 5.0
13.05	 -2.81	-	 8.8
14.05	 -3.80	 7.0	 7.9
15.05	 -5.88	 6.0	10.0
16.05	 -5.86	 6.0	 6.8
17.05	 -1.90	 6.0	 6.1
18.05	 -0.01	 6.0	 6.0
19.05	 -1.82	-	11.1
20.05	 -1.86	-	 8.2
21.05	 -2.74	-	 5.8
22.05	 -0.97	-	 4.8
23.05	  1.40	-	 6.5
24.05	  2.19	-	 4.9
25.05	  0.11	-	 2.8
26.05	 -0.56	-	 4.0
27.05	 -0.65	-	 5.0
28.05	 -0.16	-	 9.8
29.05	 -0.85	-	 5.9
30.05	 -1.35	-	 5.1
31.05	  1.33	-	 2.2
01.06	  1.82	-	 2.0
02.06	  2.52	-	 1.4
03.06	  2.36	-	 2.9
04.06	  1.41	-	 2.2
05.06	  2.33	-	 2.1
06.06	  4.27	-	 3.0
07.06	  3.14	-	 4.5
08.06	  3.67	-	 3.9
09.06	  4.11	-	 2.6
10.06	  3.60	-	 1.6
11.06	  2.94	-	 2.1
12.06	  3.16	-	 4.2
13.06	  2.80	-	 4.4
14.06	  3.91	-	 4.1
15.06	  5.69	-	 3.5
16.06	  6.44	-	 5.9
17.06	  3.39	-	 4.4
18.06	  3.66	-	 2.1
19.06	  6.11	-	 5.4
20.06	  6.06	-	 2.3
21.06	  4.40	-	 5.8
22.06	  3.74	-	 5.5
23.06	  4.31	-	 3.2
24.06	  4.70	-	 3.1
25.06	  4.26	-	 4.6
26.06	  3.57	-	 4.0
27.06	  3.96	-	 5.8
28.06	  3.96	-	 5.5
29.06	  5.56	-	 5.0
30.06	  4.81	-	 3.4
01.07	  7.67	-	 5.1
02.07	  6.39	-	 3.9
03.07	  5.87	-	 4.0
04.07	  4.89	-	 6.8
05.07	  5.74	-	 1.8
06.07	  6.06	-	 9.8
07.07	  5.56	-	 5.1
08.07	  5.84	-	 4.4
09.07	  5.99	-	 3.9
10.07	  6.69	-	 4.4
11.07	  6.26	-	 4.0
12.07	  5.77	-	 5.5
13.07	  5.43	-	 2.0
14.07	  6.31	-	 2.2
15.07	 10.04	-	 3.6
16.07	  7.75	-	 4.1
17.07	  5.21	-	 3.6
18.07	  5.19	-	 3.1
19.07	  6.49	-	 4.2
20.07	  8.10	-	 3.5
21.07	  8.70	-	 6.4
22.07	  9.28	-	 1.4
23.07	  6.99	-	 3.4
24.07	  7.46	-	 3.2
25.07	  7.84	-	 4.6
26.07	  5.05	-	 6.6
27.07	  5.80	-	 2.6
28.07	  7.29	-	 2.1
29.07	  6.62	-	 4.5
30.07	  5.67	-	 9.0
31.07	  6.71	-	 3.1
01.08	  7.40	-	 3.8
02.08	  5.71	-	 1.5
03.08	  5.81	-	 1.9
04.08	  6.14	-	 2.6
05.08	  5.76	-	 3.4
06.08	  5.80	-	 3.0
07.08	  6.83	-	 4.0
08.08	  5.13	-	 4.6
09.08	  9.15	-	 3.8
10.08	  8.24	-	 2.0
11.08	  6.61	-	 5.6
12.08	  6.70	-	 3.6
13.08	  5.70	-	 5.2
14.08	  6.41	-	 5.4
15.08	  4.86	-	 4.2
16.08	  5.80	-	 2.5
17.08	  4.70	-	 2.0
18.08	  5.48	-	 2.9
19.08	  5.61	-	 5.9
20.08	  4.95	-	 9.2
21.08	  3.60	-	 7.2
22.08	  3.97	-	 4.5
23.08	  2.59	-	-
24.08	  3.11	-	 5.5
25.08	  3.79	-	 8.2
26.08	  4.67	-	11.8
27.08	  5.01	-	 8.0
28.08	  5.35	-	 3.2
29.08	  6.60	-	 6.0
30.08	  6.79	-	 3.8
31.08	  7.70	-	 7.5
01.09	  4.62	-	 3.6
02.09	  5.26	-	 4.8
03.09	  7.20	-	 4.9
04.09	  5.60	-	 3.8
05.09	  4.76	-	 3.0
06.09	  4.35	-	 2.1
07.09	  3.59	-	 2.9
08.09	  4.89	-	 4.0
09.09	  2.21	-	 6.5
10.09	  1.12	-	 2.8
11.09	  4.41	-	 7.9
12.09	  6.80	-	11.5
13.09	  7.09	-	11.4
14.09	  4.88	-	 8.5
15.09	  7.09	-	 9.6
16.09	  7.57	-	 7.8
17.09	  6.50	-	 9.5
18.09	  6.69	-	 8.0
19.09	  2.86	-	 7.9
20.09	  1.46	-	 4.0
21.09	  0.92	-	 1.9
22.09	  1.41	-	 1.5
23.09	  1.23	-	 1.5
24.09	  0.35	-	 4.6
25.09	 -1.97	-	 3.9
26.09	 -4.80	 3.0	 2.4
27.09	 -4.25	 3.0	 2.2
28.09	 -2.06	 3.0	 1.8
29.09	  0.34	-	 3.9
30.09	  0.31	-	 3.4
01.10	  0.19	 2.0	 6.6
02.10	 -0.24	 2.0	 3.2
03.10	 -2.14	 2.0	 2.1
04.10	 -4.49	 2.0	 1.8
05.10	 -0.47	 2.0	 2.9
06.10	 -2.02	-	 4.4
07.10	 -4.66	-	 3.0
08.10	 -2.89	 1.0	 3.0
09.10	  2.79	 1.0	 5.5
10.10	  3.91	-	 3.5
11.10	  0.79	-	 4.6
12.10	 -4.22	-	 3.4
13.10	 -0.08	-	 4.4
14.10	  2.74	-	 5.4
15.10	  1.26	-	 3.1
16.10	 -1.38	-	 3.4
17.10	 -0.19	-	 4.0
18.10	 -0.28	-	 2.1
19.10	 -1.44	-	 2.1
20.10	 -1.84	-	 1.4
21.10	 -1.29	-	 0.8
22.10	 -2.39	-	 3.1
23.10	 -4.47	 9.0	 6.6
24.10	-12.53	 7.0	 6.4
25.10	-13.32	 5.0	 5.4
26.10	 -6.34	 8.0	 3.4
27.10	 -3.75	 8.0	 3.1
28.10	 -9.55	-	 3.8
29.10	 -8.03	 8.0	 5.0
30.10	 -5.74	-	 4.0
31.10	 -3.34	-	 7.0
01.11	  0.91	 6.0	 7.5
02.11	  0.95	-	 6.0
03.11	  0.06	-	 4.9
04.11	  0.41	 6.0	 1.6
05.11	 -0.36	 5.0	 5.8
06.11	 -4.73	 5.0	 3.9
07.11	 -7.11	-	 4.6
08.11	 -9.44	 6.0	 7.2
09.11	-12.23	-	 7.5
10.11	-12.41	-	 4.7
11.11	-10.40	-	 5.0
12.11	 -6.88	 5.0	 8.0
13.11	 -8.65	 8.0	 2.2
14.11	 -9.11	-	 5.4
15.11	 -7.70	 7.0	 6.1
16.11	 -8.06	-	 4.6
17.11	 -5.03	 5.0	 2.9
18.11	 -2.59	-	 8.6
19.11	 -5.82	 5.0	 6.8
20.11	 -6.54	 5.0	 3.2
21.11	 -9.69	-	 4.5
22.11	-11.95	18.0	 5.0
23.11	-15.00	-	 3.8
24.11	-11.95	16.0	 7.4
25.11	 -4.14	 5.0	12.0
26.11	 -3.86	14.0	11.0
27.11	 -5.91	 4.0	 9.0
28.11	 -4.61	-	 5.0
29.11	 -5.42	 4.0	 7.5
30.11	 -3.80	 4.0	 6.6
01.12	 -2.58	 4.0	 5.2
02.12	 -5.41	-	 5.0
03.12	 -5.28	 4.0	 2.8
04.12	 -7.23	 4.0	 4.6
05.12	-11.26	 4.0	 4.5
06.12	 -5.58	 4.0	 4.8
07.12	 -5.30	-	 4.1
08.12	 -5.20	13.0	 4.6
09.12	  0.48	13.0	 6.0
10.12	 -0.14	 9.0	 2.9
11.12	 -2.39	 9.0	 4.1
12.12	 -5.40	-	 4.8
13.12	 -8.54	-	 2.9
14.12	 -6.01	-	 2.6
15.12	 -4.63	-	 3.1
16.12	-11.10	-	 6.0
17.12	-14.26	20.0	 5.5
18.12	 -9.96	18.0	 7.5
19.12	-14.09	-	 4.1
20.12	 -7.17	15.0	 5.4
21.12	 -5.13	-	 7.5
22.12	-10.85	-	 7.4
23.12	-11.96	17.0	 4.1
24.12	-15.49	17.0	 7.0
25.12	-21.42	17.0	 4.5
26.12	-15.42	18.0	 6.8
27.12	-15.25	18.0	 5.1
28.12	-14.34	18.0	 4.6
29.12	 -8.44	22.0	 6.4
30.12	 -2.70	18.0	 7.9
31.12	  0.27	20.0	 7.4
