01.01	  2.25	-	 9.6
02.01	  3.33	-	 9.4
03.01	 -6.18	-	14.1
04.01	 -8.72	-	 2.5
05.01	 -0.67	-	 4.8
06.01	 -3.74	-	 2.9
07.01	 -5.61	-	 1.5
08.01	 -4.49	-	 1.9
09.01	-10.72	-	 3.8
10.01	-14.59	-	 4.4
11.01	-14.16	-	 6.2
12.01	-15.34	-	 4.9
13.01	-13.38	-	 6.2
14.01	-10.89	-	10.4
15.01	 -3.30	-	11.6
16.01	 -2.20	-	11.1
17.01	 -2.41	-	 7.2
18.01	 -4.24	-	 5.9
19.01	 -7.89	-	 4.0
20.01	-11.97	-	 3.1
21.01	 -2.66	-	 7.4
22.01	 -9.05	-	 8.0
23.01	-12.39	-	 3.5
24.01	 -3.25	-	 5.2
25.01	 -4.25	-	 6.4
26.01	 -6.90	-	 6.8
27.01	-10.54	-	 7.2
28.01	-12.16	-	 9.8
29.01	-11.00	-	 9.8
30.01	 -9.38	-	 7.6
31.01	-14.23	-	 6.0
01.02	-12.58	-	 7.4
02.02	-15.56	-	 7.8
03.02	-14.24	-	 3.1
04.02	-12.47	-	 3.8
05.02	 -6.58	-	 2.8
06.02	 -1.21	-	 5.8
07.02	 -0.09	-	 4.4
08.02	 -3.43	-	 5.5
09.02	 -3.79	-	 4.6
10.02	 -1.58	-	11.1
11.02	 -3.00	-	10.5
12.02	 -8.52	-	 4.2
13.02	-11.83	-	 8.4
14.02	-14.35	-	 6.2
15.02	 -7.15	-	 5.2
16.02	 -0.26	-	14.4
17.02	-11.86	-	 7.0
18.02	-15.54	-	 8.8
19.02	-14.86	-	 5.0
20.02	-13.38	-	 5.5
21.02	 -6.82	-	10.0
22.02	 -2.93	-	 8.5
23.02	 -3.71	-	 9.4
24.02	-12.12	-	 7.2
25.02	-10.19	-	 7.6
26.02	 -9.05	-	11.2
27.02	-10.25	-	11.9
28.02	-13.62	-	 9.2
29.02	-16.54	-	 8.0
01.03	-17.77	-	 6.4
02.03	-13.97	-	 5.2
03.03	 -8.60	-	 8.1
04.03	-13.11	-	 9.4
05.03	-14.60	-	13.5
06.03	-14.69	-	 3.4
07.03	-13.26	-	 2.5
08.03	 -8.38	-	 4.2
09.03	-10.91	-	 5.5
10.03	-10.73	-	 8.2
11.03	 -6.49	-	 7.8
12.03	 -4.11	-	 8.2
13.03	 -6.19	-	 6.6
14.03	 -8.54	-	 9.6
15.03	-14.56	-	 6.5
16.03	-13.75	-	 6.1
17.03	-16.56	-	 5.8
18.03	-18.69	-	 4.0
19.03	-18.45	-	 4.4
20.03	-20.14	-	 5.9
21.03	-19.30	-	 4.6
22.03	-19.20	-	 6.9
23.03	-20.45	-	 5.6
24.03	-18.25	-	 3.2
25.03	-19.96	-	 5.2
26.03	-21.02	-	 4.8
27.03	-19.25	-	 5.0
28.03	-15.11	-	 6.0
29.03	-15.12	-	 1.6
30.03	-15.50	-	12.4
31.03	-19.70	-	 4.5
01.04	-19.48	-	 3.8
02.04	-18.54	-	 5.1
03.04	-16.46	-	 3.6
04.04	-15.06	-	 3.0
05.04	-15.32	-	 4.4
06.04	-14.76	-	 6.0
07.04	 -5.44	-	 4.8
08.04	-10.90	-	 8.4
09.04	-13.11	-	 2.8
10.04	-13.98	-	 3.6
11.04	-16.32	-	 8.4
12.04	 -8.92	-	15.9
13.04	 -4.06	-	 8.5
14.04	 -2.94	-	 4.8
15.04	 -3.01	-	 6.4
16.04	 -6.56	-	12.8
17.04	-10.96	-	 7.6
18.04	 -9.80	-	 4.4
19.04	-10.30	-	 1.4
20.04	-10.88	-	 2.5
21.04	-11.61	-	 5.8
22.04	-10.70	-	 8.1
23.04	 -9.69	-	 5.0
24.04	-10.96	-	 2.1
25.04	-12.60	-	 2.5
26.04	-10.68	-	 1.5
27.04	 -6.17	-	 1.5
28.04	 -3.96	-	 6.5
29.04	 -5.06	-	 4.0
30.04	 -6.26	-	 3.5
01.05	 -3.69	-	 1.9
02.05	 -4.97	-	 3.0
03.05	 -8.01	-	 1.5
04.05	 -8.18	-	 1.4
05.05	 -7.35	-	 2.8
07.05	 -2.52	-	 5.8
08.05	 -2.33	-	 7.1
09.05	 -2.46	-	 9.2
10.05	 -1.24	-	 4.8
11.05	 -0.99	-	 4.2
12.05	 -2.60	-	 3.5
13.05	 -3.21	-	 2.5
14.05	 -2.59	-	 1.6
15.05	 -2.61	-	 2.8
16.05	 -0.55	-	 2.6
17.05	 -0.74	-	 2.5
18.05	 -2.12	-	 5.1
19.05	 -1.73	-	 3.2
20.05	 -1.64	-	 2.5
21.05	 -1.47	-	 2.9
22.05	 -0.85	-	 6.4
23.05	 -0.25	-	 6.4
24.05	 -0.81	-	 3.8
25.05	 -0.07	-	 2.9
26.05	  1.36	-	 6.0
27.05	  0.71	-	 2.0
28.05	  0.94	-	 3.5
29.05	  0.35	-	 4.9
30.05	  1.90	-	 1.5
31.05	  2.01	-	 2.3
01.06	  2.54	-	 0.9
02.06	  2.41	-	 6.2
03.06	  2.67	-	 6.8
04.06	  3.07	-	 4.2
05.06	  2.69	-	 3.8
06.06	  1.61	-	 4.1
07.06	  2.43	-	 2.8
08.06	  1.81	-	 4.2
09.06	  2.30	-	 2.2
10.06	  3.50	-	 6.9
11.06	  2.69	-	 5.4
12.06	  3.62	-	 5.1
13.06	  4.44	-	 5.2
14.06	  1.75	-	 4.2
15.06	  2.11	-	 5.6
16.06	  1.21	-	 6.0
17.06	  1.23	-	 4.1
18.06	  2.02	-	 2.9
19.06	  2.26	-	 3.4
20.06	  3.49	-	 4.6
21.06	  5.41	-	 2.5
22.06	  3.29	-	10.8
23.06	  4.20	-	 2.5
24.06	  4.15	-	 2.8
25.06	  5.11	-	 4.0
26.06	  7.27	-	 5.1
27.06	  6.83	-	 5.4
28.06	  4.57	-	 6.6
29.06	  6.17	-	 6.6
30.06	  4.47	-	 6.5
01.07	  3.75	-	 4.1
02.07	  4.44	-	 3.1
03.07	  5.83	-	 5.5
04.07	  5.79	-	 7.2
05.07	  5.23	-	 5.4
06.07	  4.46	-	 3.5
07.07	  6.02	-	 3.1
08.07	  4.99	-	 4.0
09.07	  5.97	-	11.0
10.07	  4.28	-	 6.0
11.07	  3.52	-	 7.5
12.07	  3.54	-	 5.8
13.07	  6.48	-	 2.0
14.07	  6.35	-	 2.1
15.07	  6.39	-	 2.4
16.07	  8.75	-	 3.6
17.07	  7.84	-	 5.5
18.07	  8.65	-	 5.5
19.07	  5.59	-	 4.2
20.07	  6.19	-	 2.4
21.07	  6.64	-	 1.6
22.07	  8.72	-	 2.4
23.07	 10.12	-	 4.5
24.07	  6.79	-	 5.1
25.07	  7.05	-	 2.7
26.07	  6.50	-	 4.5
27.07	  6.70	-	 4.6
28.07	  4.63	-	 2.0
29.07	  6.38	-	 6.5
30.07	  5.13	-	 5.5
31.07	  7.46	-	 3.3
01.08	  8.93	-	 7.5
02.08	  4.08	-	 1.1
03.08	  3.37	-	 1.5
04.08	  3.85	-	 1.3
05.08	  6.86	-	 3.6
06.08	  5.43	-	 6.5
07.08	  4.47	-	 3.6
08.08	  4.64	-	 3.6
09.08	  3.99	-	 2.5
10.08	  2.80	-	 1.5
11.08	  5.33	-	 3.1
12.08	  6.10	-	 5.1
13.08	  3.03	-	 4.0
14.08	  3.94	-	 3.8
15.08	  4.94	-	 2.6
16.08	  5.81	-	 4.5
17.08	  4.55	-	 7.8
18.08	  5.59	-	 2.2
19.08	  5.62	-	 5.1
20.08	  5.82	-	 3.5
21.08	  6.26	-	 1.9
22.08	  5.47	-	 1.9
23.08	  5.20	-	 1.5
24.08	  5.47	-	 2.4
25.08	  6.20	-	 3.1
26.08	  5.62	-	 1.9
27.08	  5.30	-	 2.6
28.08	  5.52	-	 4.0
29.08	  4.73	-	 5.6
30.08	  3.96	-	 5.0
31.08	  3.49	-	 3.1
01.09	  2.62	-	 2.4
02.09	  2.94	-	 2.0
03.09	  3.25	-	 4.5
04.09	  2.26	-	 1.3
05.09	  4.04	-	 2.5
06.09	  3.27	-	 2.5
07.09	  3.69	-	 2.2
08.09	  3.43	-	 2.6
09.09	  5.37	-	 4.4
10.09	  5.10	-	 2.6
11.09	  4.92	-	 1.8
12.09	  4.57	-	 2.0
13.09	  3.77	-	 2.9
14.09	  6.49	-	 4.4
15.09	  8.10	-	 4.0
16.09	  8.03	-	 4.2
17.09	  4.61	-	 8.8
18.09	  5.10	-	 3.8
19.09	  8.66	-	 5.4
20.09	  6.34	-	 5.0
21.09	  5.03	-	 8.2
22.09	  4.11	-	 4.2
23.09	  0.31	-	 4.0
24.09	 -0.45	-	 4.4
25.09	 -2.33	-	 3.2
26.09	  0.59	-	 7.8
27.09	  2.33	-	 7.9
28.09	 -1.05	-	 6.9
29.09	 -2.53	-	 4.5
30.09	 -3.62	-	 5.6
01.10	 -5.08	-	 6.1
02.10	 -3.56	-	 4.8
03.10	 -7.55	-	 4.0
04.10	 -8.31	-	 3.2
05.10	 -5.69	-	11.0
06.10	 -3.61	-	 3.9
07.10	 -5.27	-	 4.6
08.10	  1.21	-	 9.4
09.10	  2.57	-	 9.9
10.10	  0.70	-	 4.2
11.10	 -2.97	-	 7.9
12.10	 -7.00	-	 5.8
13.10	 -8.59	-	 5.0
14.10	 -2.45	-	 7.4
15.10	 -4.90	-	 9.8
16.10	 -5.67	-	 9.0
17.10	 -6.42	-	 1.8
18.10	 -7.67	 8.0	 7.2
19.10	 -3.75	 8.0	 7.4
20.10	 -0.15	 6.0	 6.2
21.10	 -1.88	 5.0	 3.9
22.10	 -2.96	 5.0	 4.4
23.10	 -6.70	 4.0	 6.0
24.10	-10.71	 3.0	 6.2
25.10	 -9.37	 1.0	11.6
26.10	-10.76	-	10.4
27.10	-12.41	-	 5.6
28.10	-10.88	-	 4.8
29.10	-10.35	-	 4.5
30.10	-10.72	 1.0	 2.5
31.10	 -5.88	 3.0	 9.5
01.11	  1.91	 7.0	 4.1
02.11	 -2.80	 8.0	 5.2
03.11	-11.68	 6.0	 5.4
04.11	 -9.70	 6.0	 3.6
05.11	 -6.00	-	 3.8
06.11	 -5.00	 6.0	 2.2
07.11	 -5.48	 9.0	 3.5
08.11	 -5.09	 8.0	 5.8
09.11	 -5.42	 8.0	 3.0
10.11	 -4.05	 8.0	 4.1
11.11	 -7.50	 9.0	 6.2
12.11	-10.66	 8.0	 5.1
13.11	-10.05	 9.0	 4.2
14.11	-10.80	 9.0	 4.6
15.11	-12.62	 9.0	 4.0
16.11	-13.25	 9.0	 4.4
17.11	-15.07	 8.0	 8.2
18.11	-17.55	 8.0	 6.5
19.11	-17.65	 6.0	 4.1
20.11	-13.17	 8.0	 3.6
21.11	 -3.68	-	 4.1
22.11	 -1.90	 8.0	 5.2
23.11	 -1.21	 8.0	 6.8
24.11	 -3.26	 6.0	 4.9
25.11	 -3.08	 6.0	 8.2
26.11	 -9.56	 6.0	10.4
27.11	 -9.74	 5.0	 8.9
28.11	-11.95	 5.0	 8.1
29.11	-14.91	-	 8.4
30.11	-16.39	-	 5.1
01.12	-12.12	 4.0	 2.6
02.12	-12.61	 4.0	 5.4
03.12	 -6.76	-	11.6
04.12	 -4.95	17.0	 9.8
05.12	-11.21	17.0	 3.4
06.12	 -7.14	17.0	 8.1
07.12	-10.69	18.0	 3.4
08.12	-12.05	17.0	 3.2
09.12	-13.55	17.0	 3.8
10.12	 -9.94	17.0	 8.2
11.12	 -2.53	16.0	 9.9
12.12	 -4.22	16.0	 1.8
13.12	 -0.32	-	 3.8
14.12	 -5.61	-	 8.4
15.12	 -8.30	16.0	 4.0
16.12	  0.55	16.0	 6.8
17.12	 -0.37	15.0	 6.2
18.12	 -1.36	15.0	 3.9
19.12	 -5.35	23.0	 5.0
20.12	 -8.89	-	 5.1
21.12	-11.33	23.0	 6.8
22.12	-12.11	18.0	 4.1
23.12	-12.59	18.0	 3.2
24.12	 -7.57	18.0	10.5
25.12	 -0.39	16.0	10.1
26.12	 -7.51	26.0	10.4
27.12	 -9.88	26.0	 7.6
28.12	 -7.21	-	 5.9
29.12	-16.67	17.0	 6.1
30.12	-17.79	18.0	 5.6
31.12	-16.66	-	 6.6
