01.01	-10.97	-	 5.6
02.01	-16.38	-	 5.6
03.01	-11.02	-	 5.5
04.01	  0.64	-	 8.5
05.01	 -0.57	-	 3.8
06.01	  2.76	-	 3.6
07.01	  2.27	-	 5.0
08.01	  2.40	-	 8.9
09.01	 -0.86	-	 8.1
10.01	  3.44	-	 8.5
11.01	 -0.34	-	 7.2
12.01	 -9.55	-	 6.9
13.01	 -3.03	-	14.7
14.01	 -0.02	-	 5.8
15.01	 -0.20	-	 9.5
16.01	  1.87	-	 6.1
17.01	  1.25	-	 6.4
18.01	  2.38	-	 5.4
19.01	  2.14	-	 5.4
20.01	 -1.36	-	 7.2
21.01	 -3.56	-	 8.5
22.01	 -1.35	-	14.5
23.01	  1.75	-	 6.1
24.01	 -3.54	-	10.0
25.01	 -3.87	-	 5.6
26.01	 -4.14	-	 2.2
27.01	 -4.28	-	 6.1
28.01	 -1.71	-	 3.4
29.01	 -6.94	-	 8.0
30.01	-13.04	-	 5.4
31.01	 -9.85	-	 5.9
01.02	 -1.10	-	 7.1
02.02	 -4.38	-	 5.4
03.02	 -3.16	-	 6.1
04.02	  0.55	-	 5.9
05.02	 -0.68	-	 4.0
06.02	 -8.51	-	 6.9
07.02	-11.43	-	 5.9
08.02	-10.61	-	 6.8
09.02	-10.46	-	 9.2
10.02	-11.79	-	 5.2
11.02	 -9.92	-	 8.0
12.02	 -7.19	-	 6.0
13.02	-11.91	-	 7.3
14.02	-15.24	-	 5.6
15.02	-20.14	-	 5.9
16.02	-18.76	-	 7.2
17.02	-12.81	-	 7.1
18.02	-11.46	-	 4.8
19.02	 -8.79	-	 1.8
20.02	 -1.65	-	 5.6
21.02	 -0.96	-	 5.0
22.02	 -5.66	-	12.4
23.02	-11.25	-	 6.2
24.02	-14.04	-	 7.5
25.02	-14.51	-	10.2
26.02	-16.53	-	 8.6
27.02	-15.02	-	 4.4
28.02	-15.56	-	 4.4
01.03	-15.22	-	 6.6
02.03	-12.98	-	 4.9
03.03	-15.57	-	 9.9
04.03	-17.91	-	 7.4
05.03	-17.06	-	 5.1
06.03	-17.45	-	 4.9
07.03	-16.93	-	 5.0
08.03	 -7.61	-	 6.9
09.03	 -4.39	-	 8.1
10.03	-17.06	-	 4.4
11.03	-10.66	-	 9.2
12.03	-10.99	-	 5.6
13.03	-11.45	-	10.0
14.03	 -3.78	-	 6.5
15.03	 -8.50	-	 7.2
16.03	-12.06	-	 5.8
17.03	-15.35	-	 5.5
18.03	-17.49	-	 4.2
19.03	-18.73	-	 6.8
20.03	-16.66	-	 7.5
21.03	-15.31	-	 9.8
22.03	-15.44	-	 9.7
23.03	-10.30	-	12.2
24.03	-11.82	-	 9.2
25.03	-11.71	-	 9.1
26.03	-10.71	-	 6.4
27.03	-11.90	-	 2.4
28.03	-12.18	-	 4.6
29.03	-12.90	-	 6.0
30.03	-13.20	-	 6.2
31.03	-13.55	-	 6.9
01.04	-11.49	-	 5.0
02.04	 -6.01	-	 8.5
03.04	 -3.75	-	 7.8
04.04	 -1.35	-	10.0
05.04	  0.94	-	 9.9
06.04	 -0.45	-	 7.0
07.04	 -0.20	-	 4.9
08.04	  1.44	-	 7.8
09.04	  1.76	-	 7.4
10.04	 -0.24	-	 5.0
11.04	 -1.67	-	 5.6
12.04	  0.89	-	 7.6
13.04	  1.71	-	 7.0
14.04	  0.04	-	11.3
15.04	  1.69	-	 7.9
16.04	  0.17	-	 8.7
17.04	 -0.26	-	 7.6
18.04	 -0.57	-	11.6
19.04	 -0.71	-	10.7
20.04	 -3.74	-	 9.9
21.04	 -3.13	-	 8.7
22.04	  0.41	-	11.7
23.04	  3.33	-	13.4
24.04	  3.71	-	 6.8
25.04	  4.50	-	 3.2
26.04	  4.54	-	 8.9
27.04	  3.61	-	 3.6
28.04	  4.23	-	 4.7
29.04	  3.14	-	 7.2
30.04	  1.08	-	 8.9
01.05	  0.24	-	 1.9
02.05	  2.61	-	 1.5
03.05	  2.43	-	 1.9
04.05	  3.09	-	 1.4
05.05	  3.50	-	 4.6
06.05	  5.41	-	 4.4
07.05	  0.70	-	 9.6
08.05	 -1.72	-	 7.5
09.05	 -1.36	-	 3.1
10.05	 -0.46	-	 4.0
11.05	 -1.36	-	 3.0
12.05	 -2.04	-	 3.1
13.05	 -1.38	-	 2.9
14.05	 -1.77	-	 5.0
15.05	 -1.18	-	 3.9
16.05	 -1.65	-	 4.4
17.05	 -0.46	-	 3.9
18.05	  0.46	-	 4.2
19.05	  0.97	-	 4.5
20.05	  0.40	-	 5.1
21.05	 -0.51	-	 4.1
22.05	  0.56	-	 3.5
23.05	  0.75	-	 7.1
24.05	  3.46	-	 7.1
25.05	  3.58	-	 4.2
26.05	  1.71	-	 2.6
27.05	  2.29	-	 2.6
28.05	  2.80	-	 5.0
29.05	  1.05	-	 3.6
30.05	  2.33	-	 3.6
31.05	  3.58	-	 4.1
01.06	  3.54	-	 2.9
02.06	  4.08	-	 2.1
03.06	  4.98	-	 2.8
04.06	  4.19	-	 7.0
05.06	  3.43	-	 4.0
06.06	  4.05	-	 3.2
07.06	  3.87	-	 2.4
08.06	  6.87	-	 5.0
09.06	  6.32	-	 5.1
10.06	  4.96	-	 4.1
11.06	  3.91	-	 6.1
12.06	  2.41	-	 4.8
13.06	  3.15	-	 4.9
14.06	  2.60	-	 5.9
15.06	  2.44	-	 6.1
16.06	  3.66	-	 3.9
17.06	  3.93	-	 3.6
18.06	  5.81	-	 3.4
19.06	  5.22	-	 5.8
20.06	  5.83	-	 4.6
21.06	  6.84	-	 3.9
22.06	  6.21	-	 6.0
23.06	  5.66	-	10.0
24.06	  5.06	-	 6.0
25.06	  5.30	-	 3.2
26.06	  6.15	-	 4.2
27.06	  5.75	-	 2.2
28.06	  5.33	-	 3.9
29.06	  4.89	-	 2.2
30.06	  6.20	-	 4.0
01.07	  8.44	-	 5.4
02.07	  7.91	-	 5.0
03.07	  8.89	-	 5.5
04.07	  7.95	-	 3.2
05.07	  6.44	-	 3.0
06.07	  7.05	-	 1.8
07.07	  6.05	-	 4.2
08.07	  6.19	-	 6.2
09.07	  6.83	-	 2.7
10.07	  8.68	-	 2.2
11.07	  7.56	-	 3.0
12.07	  6.57	-	 3.6
13.07	  7.84	-	 3.5
14.07	  7.94	-	 2.8
15.07	  6.51	-	 4.1
16.07	  7.62	-	 3.5
17.07	  7.30	-	 2.3
18.07	  6.74	-	 3.4
19.07	  7.31	-	 3.4
20.07	  8.56	-	 7.8
21.07	  6.01	-	 3.1
22.07	  9.05	-	 4.9
23.07	  9.62	-	 4.4
24.07	  8.30	-	 3.4
25.07	  8.54	-	 6.9
26.07	  6.90	-	 4.1
27.07	  7.06	-	 2.9
28.07	  6.82	-	 5.2
29.07	  6.59	-	 4.1
30.07	  7.40	-	 2.6
31.07	  6.91	-	 4.1
01.08	  7.33	-	 5.4
02.08	  6.84	-	 4.8
03.08	  7.12	-	 3.9
04.08	  7.17	-	 3.0
05.08	  7.96	-	 3.1
06.08	  8.51	-	 3.6
07.08	  8.89	-	 5.5
08.08	  8.25	-	 5.1
09.08	  7.09	-	 3.4
10.08	  6.89	-	 2.9
11.08	  5.94	-	 4.2
12.08	  6.16	-	 4.9
13.08	  7.30	-	 6.6
14.08	  7.77	-	 4.9
15.08	  7.14	-	 5.1
16.08	  7.20	-	 5.8
17.08	  6.57	-	 7.1
18.08	  5.54	-	 7.2
19.08	  4.39	-	 3.5
20.08	  5.38	-	 3.2
21.08	  5.33	-	 1.5
22.08	  4.83	-	 3.9
23.08	  5.85	-	 2.4
24.08	  6.80	-	 2.4
25.08	  7.27	-	 2.9
26.08	  7.13	-	 3.9
27.08	  6.41	-	 1.9
28.08	  5.84	-	 2.1
29.08	  5.99	-	 3.0
30.08	  4.42	-	 3.6
31.08	  4.79	-	 3.5
01.09	  4.39	-	 3.0
02.09	  4.41	-	 1.5
03.09	  4.30	-	 1.9
04.09	  4.30	-	 1.8
05.09	  3.41	-	 3.4
06.09	  4.94	-	 4.5
07.09	  4.10	-	 3.4
08.09	  3.29	-	 1.4
09.09	  4.04	-	 2.1
10.09	  7.31	-	 8.4
11.09	  5.55	-	 3.5
12.09	  4.75	-	 6.8
13.09	  3.62	-	 2.9
14.09	  3.15	-	 4.4
15.09	  2.66	-	 5.9
16.09	  0.34	-	 3.0
17.09	  1.19	-	 3.0
18.09	 -1.40	-	 7.2
19.09	 -2.44	-	 6.0
20.09	 -1.00	-	 7.0
21.09	 -0.59	-	 4.2
22.09	 -0.38	-	 5.1
23.09	 -0.64	-	 4.5
24.09	 -0.35	-	 5.6
25.09	  2.86	-	 9.4
26.09	 -0.66	-	 9.7
27.09	 -1.04	-	 4.5
28.09	 -3.74	-	 2.0
29.09	 -3.21	-	 2.2
30.09	 -2.46	-	 2.4
01.10	 -1.39	-	 3.0
02.10	 -1.66	-	 1.8
03.10	 -2.36	-	 2.1
04.10	 -2.81	-	 2.4
05.10	 -3.84	-	 3.9
06.10	 -0.42	-	 7.0
07.10	  0.00	-	 3.8
08.10	 -3.11	-	 4.8
09.10	 -5.80	-	 5.4
10.10	-10.21	-	 4.5
11.10	 -7.41	-	 5.4
12.10	-10.00	-	 5.0
13.10	 -3.04	-	 5.4
14.10	 -0.65	-	 2.8
15.10	  1.84	-	 4.1
16.10	 -0.79	-	 9.8
17.10	 -6.69	-	 6.1
18.10	 -6.06	-	 5.6
19.10	 -4.91	-	 3.5
20.10	 -1.91	-	 4.2
21.10	 -4.99	-	 7.2
22.10	 -7.44	-	 7.2
23.10	-11.77	-	 6.9
24.10	-12.49	-	 4.9
25.10	-13.25	-	 6.6
26.10	-11.69	-	 4.6
27.10	 -8.81	-	 5.9
28.10	 -7.68	-	 6.4
29.10	 -4.51	-	 6.2
30.10	 -7.70	-	 5.1
31.10	 -9.99	-	 4.1
01.11	-14.56	-	 5.4
02.11	-13.58	-	 5.2
03.11	 -9.04	-	 6.9
04.11	 -0.28	-	13.9
05.11	  0.80	-	 5.9
06.11	 -3.34	-	 3.5
07.11	 -2.77	-	 2.9
08.11	 -6.56	-	 3.2
09.11	 -9.24	-	 4.0
10.11	 -6.80	-	 6.2
11.11	 -1.24	-	 7.8
12.11	 -3.29	-	 8.8
13.11	-11.40	-	 4.2
14.11	-13.04	-	 5.5
15.11	 -9.20	-	 4.5
16.11	  0.62	-	 7.4
17.11	  3.16	-	11.0
18.11	  3.56	-	10.2
19.11	  3.96	-	 6.0
20.11	  2.33	-	 6.2
21.11	 -0.37	-	 2.9
22.11	 -3.50	-	 5.7
23.11	 -0.91	-	 5.2
24.11	 -1.52	-	 5.0
25.11	 -6.35	-	 5.1
26.11	 -0.90	-	 8.5
27.11	 -0.85	-	 6.0
28.11	 -3.86	-	 3.2
29.11	 -9.80	-	 4.0
30.11	 -4.79	-	 5.5
01.12	 -7.02	-	 5.2
02.12	-10.50	-	 4.3
03.12	 -7.44	-	 5.2
04.12	 -6.90	-	 2.4
05.12	 -5.20	-	 5.8
06.12	 -5.41	-	 4.6
07.12	 -6.70	-	 3.1
08.12	-10.58	-	 2.0
09.12	 -9.77	-	 4.4
10.12	 -1.09	-	 9.1
11.12	  1.32	-	 7.6
12.12	  1.84	-	 8.1
13.12	  0.90	-	 8.1
14.12	 -2.21	-	 6.2
15.12	 -4.17	-	 2.1
16.12	 -4.28	-	 6.8
17.12	 -8.70	-	 4.5
18.12	-12.02	-	 4.1
19.12	 -6.38	-	 6.4
20.12	  1.06	-	 7.4
21.12	 -7.83	-	 5.7
22.12	 -7.30	-	 5.4
23.12	 -7.61	-	 6.5
24.12	-13.79	-	 5.4
25.12	 -1.01	-	 6.9
26.12	 -3.48	-	 7.4
27.12	 -9.11	-	 5.6
28.12	-12.51	-	 4.1
29.12	-11.22	-	 8.9
30.12	 -5.29	-	 6.2
31.12	-11.29	-	 7.8
