01.02	 -7.53	-	 7.2
02.02	 -9.34	-	 3.5
03.02	 -3.65	-	 6.4
04.02	 -5.84	-	 5.5
05.02	-14.64	-	 6.9
06.02	-16.92	-	 3.1
07.02	-10.91	-	 5.0
08.02	 -3.38	-	 5.1
09.02	  3.17	-	 8.0
10.02	  2.41	-	 6.9
11.02	  1.49	-	 9.1
12.02	 -1.06	-	11.9
13.02	 -7.89	-	 7.2
14.02	-13.71	-	 4.1
15.02	 -1.42	-	 5.6
16.02	  3.00	-	 5.5
17.02	  1.46	-	 8.0
18.02	 -2.38	-	 4.5
19.02	 -3.94	-	 5.9
20.02	 -4.05	-	 4.1
21.02	 -0.45	-	 8.8
22.02	 -1.68	-	 6.4
23.02	-10.86	-	 4.2
24.02	-13.64	-	 5.8
25.02	-15.06	-	 3.0
26.02	-19.48	-	 2.1
27.02	-17.20	-	 2.0
28.02	-16.84	-	 4.0
01.03	-16.30	-	 7.0
02.03	-17.19	-	 4.4
03.03	-14.20	-	 7.4
04.03	-15.45	-	 3.2
05.03	-18.54	-	 2.1
06.03	-16.86	-	 3.8
07.03	-24.64	-	 2.4
08.03	-27.57	-	 1.6
09.03	-22.95	-	 2.0
10.03	-20.10	-	 2.2
11.03	-23.74	-	 2.4
12.03	-27.73	-	 2.0
13.03	-24.91	-	 4.1
14.03	-16.57	-	10.8
15.03	-19.11	-	 2.0
16.03	-17.46	-	 1.8
17.03	-17.86	-	 1.8
18.03	-20.78	-	 1.4
19.03	-16.18	-	 1.2
20.03	-19.15	-	 2.6
21.03	-26.18	-	 2.0
22.03	-15.71	-	 2.6
23.03	 -9.99	-	 1.9
24.03	-10.80	-	 4.1
25.03	-13.70	-	 2.0
26.03	 -9.06	-	 1.9
27.03	 -5.14	-	 3.6
28.03	-15.14	-	 2.5
29.03	 -5.55	-	 5.5
30.03	 -7.61	-	 2.0
31.03	 -8.81	-	 4.0
01.04	-17.57	-	 1.8
02.04	-20.26	-	 1.9
03.04	-22.19	-	 1.6
04.04	-15.96	-	 6.8
05.04	-18.41	-	13.8
06.04	-14.22	-	12.9
07.04	-12.86	-	10.1
08.04	-11.74	-	 4.0
09.04	 -9.12	-	 4.8
10.04	 -2.91	-	11.0
11.04	 -2.83	-	 2.1
12.04	 -0.59	-	 7.2
13.04	 -4.60	-	 8.2
14.04	 -7.54	-	 5.1
15.04	-11.84	-	 1.6
16.04	-10.32	-	 1.6
17.04	 -3.83	-	 1.9
18.04	  0.56	-	 3.0
19.04	  1.11	-	 4.4
20.04	 -1.96	-	 2.8
21.04	 -0.56	-	 1.6
22.04	 -0.29	-	 3.5
23.04	 -3.91	-	 3.1
24.04	 -5.42	-	 5.5
25.04	-12.55	-	 6.1
26.04	-12.53	-	 4.8
27.04	-13.38	-	 2.1
28.04	-12.44	-	 2.4
29.04	-10.69	-	 1.8
30.04	 -8.97	-	 2.4
01.05	 -1.67	-	 5.9
02.05	  1.27	-	 8.9
03.05	  0.02	-	 7.6
04.05	 -0.32	-	 9.5
05.05	 -1.24	-	 7.8
06.05	 -3.47	-	 2.9
07.05	 -4.67	-	 2.8
08.05	 -5.06	-	 3.4
09.05	 -2.97	-	 2.6
10.05	 -2.32	-	 6.6
11.05	 -1.81	-	 4.4
12.05	 -1.71	-	 5.2
13.05	  1.21	-	 6.6
14.05	  3.96	-	11.4
15.05	  2.73	-	 7.6
16.05	 -1.05	-	 6.0
17.05	 -2.31	-	 5.6
18.05	 -1.71	-	 6.4
19.05	 -4.19	-	 3.0
20.05	 -3.81	-	 4.5
21.05	 -4.42	-	 6.9
22.05	 -2.54	-	 7.7
23.05	 -1.21	-	 9.5
24.05	 -2.09	-	 9.2
25.05	 -0.64	-	 7.0
26.05	 -1.19	-	 8.1
27.05	  0.23	-	 5.8
28.05	  1.06	-	 5.2
29.05	  1.50	-	 4.0
30.05	  1.37	-	 4.6
31.05	  1.64	-	 3.6
01.06	  0.22	-	 4.6
02.06	  1.73	-	 9.4
03.06	  2.00	-	 7.1
04.06	  4.46	-	 3.6
05.06	  5.31	-	 6.0
06.06	  6.02	-	 4.1
07.06	  4.08	-	 2.1
08.06	  4.37	-	 3.3
09.06	  3.85	-	 3.1
10.06	  3.91	-	 3.2
11.06	  4.06	-	 5.1
12.06	  3.45	-	 5.1
13.06	  4.36	-	 4.9
14.06	  3.91	-	 3.6
15.06	  4.08	-	 2.4
16.06	  4.41	-	 2.9
17.06	  4.15	-	 4.0
18.06	  2.74	-	 4.0
19.06	  4.69	-	 4.8
20.06	  4.98	-	 3.5
21.06	  5.71	-	 2.9
22.06	  5.99	-	 5.9
23.06	  5.50	-	 6.1
24.06	  5.31	-	 6.6
25.06	  6.14	-	 6.6
26.06	  5.77	-	 6.3
27.06	  7.73	-	 5.2
28.06	  7.81	-	 7.1
29.06	  5.29	-	 6.9
30.06	  6.16	-	 3.6
01.07	  7.19	-	 7.9
02.07	  5.94	-	 5.5
03.07	  6.30	-	 7.0
04.07	  5.86	-	 5.1
05.07	  5.78	-	 4.4
06.07	  7.60	-	 3.0
07.07	 12.68	-	 3.1
08.07	 10.81	-	 7.0
09.07	  8.47	-	 4.6
10.07	 10.28	-	 5.6
11.07	  9.04	-	 4.3
12.07	  6.61	-	 5.6
13.07	  5.88	-	 6.7
14.07	  5.67	-	 7.9
15.07	  4.54	-	 7.1
16.07	  4.04	-	10.4
17.07	  4.98	-	 9.1
18.07	  6.33	-	 5.4
19.07	  5.97	-	 5.0
20.07	  6.61	-	 6.8
21.07	  6.97	-	 3.3
22.07	  7.05	-	 5.4
23.07	  8.82	-	 8.8
24.07	 10.20	-	 7.1
25.07	  9.88	-	 6.0
26.07	  6.90	-	 4.8
27.07	  6.80	-	 4.0
28.07	  7.72	-	 1.8
29.07	  6.11	-	 3.8
30.07	  8.01	-	 4.5
31.07	  7.51	-	 6.0
01.08	  7.86	-	 5.5
02.08	  6.84	-	 4.2
03.08	  7.06	-	 4.0
04.08	  7.52	-	 3.2
05.08	  6.51	-	 4.0
06.08	  6.61	-	 3.2
07.08	  6.16	-	 4.1
08.08	  5.83	-	 3.5
09.08	  6.44	-	 1.5
10.08	  6.33	-	 2.5
11.08	  5.70	-	 2.3
12.08	  5.60	-	 2.4
13.08	  7.39	-	 3.8
14.08	  7.45	-	 5.9
15.08	  7.45	-	 5.5
16.08	  6.80	-	 4.0
17.08	  6.27	-	 4.9
18.08	  6.38	-	 3.6
19.08	  6.10	-	 2.8
20.08	  5.21	-	 6.9
21.08	  5.55	-	 2.5
22.08	  6.14	-	 1.5
23.08	  6.03	-	 4.4
24.08	  6.65	-	 2.2
25.08	  7.54	-	 2.2
26.08	  7.56	-	 7.4
27.08	  7.52	-	 9.1
28.08	  9.35	-	 6.9
29.08	  9.47	-	 4.9
30.08	  8.32	-	 2.8
31.08	  6.11	-	 4.8
01.09	  4.19	-	 5.5
02.09	  4.05	-	 2.9
03.09	  5.65	-	 1.8
04.09	  5.93	-	 2.4
05.09	  5.95	-	 6.5
06.09	  5.09	-	 3.9
07.09	  3.31	-	 3.1
08.09	  3.06	-	 1.9
09.09	  0.43	-	 4.7
10.09	 -1.69	-	 9.9
11.09	 -1.35	-	10.5
12.09	 -0.60	-	 3.1
13.09	 -0.05	-	 3.0
14.09	 -0.80	-	 3.6
15.09	  0.91	-	 3.8
16.09	  0.39	-	 5.8
17.09	  0.16	-	 6.5
18.09	 -0.76	-	 3.0
19.09	  0.56	-	 3.1
20.09	  0.66	-	 7.8
21.09	  0.70	-	 5.6
22.09	  0.21	-	 3.6
23.09	 -2.38	-	 1.9
24.09	 -4.59	-	 6.2
25.09	 -2.56	-	 7.2
26.09	 -5.94	-	 5.6
27.09	 -6.20	-	 4.5
28.09	 -6.77	-	 5.1
29.09	 -8.35	-	 3.2
30.09	 -1.67	-	 4.0
01.10	  2.23	-	 4.9
02.10	  1.34	-	 3.2
03.10	 -0.36	-	 2.6
04.10	 -0.54	-	 1.0
05.10	 -0.62	-	 4.4
06.10	 -2.45	-	 7.4
07.10	 -2.55	-	 7.1
08.10	  0.59	-	 5.8
09.10	  2.10	-	 5.5
10.10	 -4.41	-	 5.0
11.10	 -6.16	-	 5.5
12.10	 -5.44	-	 2.8
13.10	 -7.11	-	 5.2
14.10	 -7.47	-	 2.2
15.10	 -1.86	-	 4.6
16.10	  0.06	-	 8.0
17.10	 -1.38	-	 7.9
18.10	 -9.19	-	 1.9
19.10	 -7.26	-	 5.6
20.10	 -6.38	-	 3.4
21.10	 -9.73	-	 4.1
22.10	 -9.43	-	 3.1
23.10	 -9.95	-	 5.0
24.10	-12.08	-	 6.5
25.10	 -8.57	-	 4.5
26.10	 -4.01	-	 8.4
27.10	-10.16	-	 4.6
28.10	-11.63	-	 7.7
29.10	 -7.01	-	 9.6
30.10	 -8.38	-	 6.8
31.10	-13.70	-	 4.3
01.11	 -9.61	-	 4.0
02.11	  0.69	-	12.4
03.11	 -0.01	-	 6.5
04.11	 -6.05	-	 7.4
05.11	 -6.83	-	 3.8
06.11	 -4.05	-	 4.2
07.11	 -2.31	-	 4.3
08.11	  0.05	-	 4.1
09.11	 -1.89	-	 2.2
10.11	 -3.03	-	 0.9
11.11	  0.35	-	 6.0
12.11	 -2.11	-	10.5
13.11	 -0.51	-	 8.6
14.11	 -4.11	-	 9.1
15.11	 -6.37	-	 7.9
16.11	 -6.35	-	 7.6
17.11	 -6.96	-	 6.0
18.11	 -9.16	-	 4.0
19.11	 -3.60	-	 4.2
20.11	  0.87	-	 5.1
21.11	  1.39	-	 7.0
22.11	 -0.23	-	 4.3
23.11	 -4.33	-	 7.6
24.11	-10.74	-	 6.1
25.11	-11.03	-	 4.4
26.11	 -5.70	-	 8.4
27.11	 -8.56	-	 7.3
28.11	 -5.31	-	13.2
29.11	 -2.27	-	12.6
30.11	  0.27	-	15.5
01.12	  1.60	-	 9.6
02.12	 -1.01	-	 9.6
03.12	 -4.72	-	 3.9
04.12	 -4.55	-	 2.1
05.12	 -5.25	-	 2.8
06.12	  1.14	-	 9.2
07.12	  2.27	-	 6.5
08.12	  2.11	-	 6.5
09.12	  2.40	-	 4.9
10.12	  1.86	-	 6.6
11.12	  0.54	-	 6.2
12.12	 -1.36	-	 2.1
13.12	 -3.82	-	 2.0
14.12	 -4.36	-	 6.4
15.12	 -7.06	-	 5.0
16.12	 -5.91	-	 5.6
17.12	-13.16	-	 3.2
18.12	-14.97	-	 4.0
19.12	-13.05	-	 2.8
20.12	 -8.31	-	 4.1
21.12	 -2.70	-	 7.5
22.12	 -5.20	-	 8.2
23.12	 -4.23	-	 9.2
24.12	 -5.79	-	 6.0
25.12	 -7.63	-	 2.8
26.12	  1.00	-	 7.0
27.12	 -3.73	-	13.8
28.12	 -8.50	-	 6.2
29.12	 -3.49	-	 2.6
30.12	  1.27	-	 4.4
31.12	 -1.54	-	 6.5
