01.01	 -5.46	13.0	 2.5
02.01	 -3.64	13.0	 8.9
03.01	-13.84	13.0	 7.9
04.01	-15.11	-	 7.1
05.01	-16.11	13.0	 8.2
06.01	-11.75	13.0	 5.0
07.01	 -8.52	14.0	 8.1
08.01	-14.74	-	 4.6
09.01	-13.46	20.0	 3.8
10.01	-13.28	17.0	 6.0
11.01	-18.45	18.0	 6.1
12.01	-15.85	23.0	 4.2
13.01	-11.97	-	 3.2
14.01	 -5.05	22.0	 2.6
15.01	  2.43	-	 7.8
16.01	  2.15	17.0	 6.5
17.01	  2.25	17.0	 6.0
18.01	  3.68	-	 6.4
19.01	 -0.68	-	 5.9
20.01	 -9.53	-	 9.8
21.01	-12.81	14.0	 3.2
22.01	  1.90	-	10.8
23.01	  0.53	-	 4.6
24.01	  0.30	-	 5.6
25.01	  2.02	-	10.8
26.01	  0.17	18.0	 4.8
27.01	-12.00	-	17.2
28.01	-12.50	-	 9.5
29.01	 -8.60	-	 7.8
30.01	 -5.40	-	 2.7
31.01	 -3.50	-	 5.9
01.02	 -2.43	14.0	 7.0
02.02	 -5.54	-	 6.1
03.02	 -6.56	14.0	 2.1
04.02	 -1.98	14.0	 2.5
05.02	 -3.24	14.0	 1.4
06.02	 -9.30	14.0	 3.2
07.02	-10.91	-	 3.6
08.02	 -9.17	14.0	 1.8
09.02	 -5.91	14.0	 4.4
10.02	 -4.90	14.0	 4.4
11.02	 -4.96	14.0	 5.9
12.02	 -3.10	14.0	10.5
13.02	 -6.26	14.0	 9.5
14.02	-11.35	-	 7.1
15.02	-12.85	13.0	 6.2
16.02	-14.03	13.0	 4.6
17.02	-13.20	14.0	 3.4
18.02	-15.88	14.0	 9.0
19.02	-17.21	14.0	 7.8
20.02	-16.24	14.0	 6.1
21.02	-17.71	14.0	 5.6
22.02	-20.27	14.0	 7.2
23.02	-21.09	14.0	 9.0
24.02	 -8.86	-	10.6
25.02	-11.25	14.0	 9.8
26.02	-11.77	14.0	 8.6
27.02	-11.00	14.0	 9.6
28.02	-13.07	14.0	 7.9
01.03	-14.85	14.0	 6.8
02.03	-14.47	14.0	 4.1
03.03	-15.71	-	 3.5
04.03	-18.27	-	 2.6
05.03	-22.69	-	 4.5
06.03	-12.45	20.0	 7.7
07.03	 -3.95	21.0	 8.4
08.03	-13.80	14.0	10.4
09.03	-15.54	14.0	 7.4
10.03	-13.51	14.0	 5.5
11.03	-12.51	14.0	 3.4
12.03	-10.11	14.0	 6.5
13.03	-12.97	-	 2.2
14.03	-17.89	-	 2.8
15.03	-18.99	14.0	 3.9
16.03	-18.85	14.0	 4.1
17.03	-19.55	14.0	 6.1
18.03	-17.78	14.0	 4.0
19.03	-18.19	-	 2.9
20.03	-18.76	14.0	 4.1
21.03	-11.23	18.0	 6.3
22.03	-14.38	14.0	 5.0
23.03	-18.89	14.0	 2.4
24.03	-18.99	-	 3.5
25.03	-18.18	15.0	 3.5
26.03	-18.17	-	 6.1
27.03	-19.54	-	 2.4
28.03	-18.31	15.0	 6.0
29.03	-17.54	14.0	 3.1
30.03	-15.70	14.0	 9.8
31.03	 -9.01	14.0	 7.2
01.04	-10.18	14.0	 7.2
02.04	-11.28	-	 6.5
03.04	 -8.34	-	 9.0
04.04	 -3.31	-	 6.9
05.04	 -5.99	14.0	 2.1
06.04	 -2.98	14.0	 3.2
07.04	 -2.95	14.0	 2.5
08.04	 -2.44	13.0	 1.9
09.04	 -1.30	13.0	 6.1
10.04	 -2.16	13.0	 6.4
11.04	 -5.25	13.0	 6.0
12.04	 -5.66	13.0	 7.3
13.04	-11.89	13.0	 4.1
14.04	-12.46	13.0	 2.9
15.04	 -8.31	13.0	 7.0
16.04	 -7.97	-	 6.6
17.04	 -9.05	13.0	 8.1
18.04	 -8.44	13.0	 6.0
19.04	 -8.60	13.0	 5.8
20.04	 -9.25	13.0	 3.1
21.04	-11.49	13.0	 1.6
22.04	-14.35	14.0	 3.1
23.04	-11.53	14.0	 2.4
24.04	-11.83	-	 2.0
25.04	-11.10	-	 1.4
26.04	 -7.80	14.0	 2.1
27.04	 -4.64	14.0	 8.6
28.04	 -3.24	13.0	 6.1
29.04	 -8.24	13.0	 2.1
30.04	 -9.80	-	 1.8
01.05	 -6.40	13.0	 4.0
02.05	 -2.27	13.0	 8.5
03.05	 -1.76	13.0	 7.0
04.05	 -2.58	13.0	 2.5
05.05	 -2.27	-	 2.8
06.05	  1.38	-	 5.1
07.05	  2.55	13.0	 6.5
08.05	  0.29	13.0	 6.1
09.05	 -1.94	13.0	 6.8
10.05	 -4.55	-	 2.4
11.05	 -3.92	-	 2.9
12.05	  0.23	-	 2.9
13.05	  0.32	-	 2.6
14.05	  0.40	-	 1.5
15.05	  0.21	-	 1.6
16.05	  2.04	-	 3.8
17.05	  2.65	-	 5.9
18.05	  2.39	-	 4.2
19.05	  2.83	-	 5.9
20.05	  1.70	-	 5.6
21.05	  1.26	-	 1.4
22.05	  1.90	-	 2.5
23.05	  2.62	-	 8.1
24.05	  0.75	-	 7.5
25.05	  0.16	-	 3.2
26.05	  0.61	-	 4.0
27.05	  0.25	-	 4.4
28.05	 -0.31	-	 2.8
29.05	  1.20	-	 2.6
30.05	  0.14	-	 3.2
31.05	  0.14	-	 1.2
01.06	  0.73	-	 6.1
02.06	 -0.10	-	 4.4
03.06	  0.51	-	 4.4
04.06	  1.18	-	 2.9
05.06	  1.61	-	 2.9
06.06	  0.88	-	 2.9
07.06	  0.80	-	 5.2
08.06	  0.96	-	 2.5
09.06	  2.26	-	 3.2
10.06	  2.68	-	 1.8
11.06	  3.49	-	 3.6
12.06	  3.55	-	 3.9
13.06	  4.22	-	 6.5
14.06	  3.34	-	 7.6
15.06	  3.05	-	 8.0
16.06	  3.46	-	 9.5
17.06	  2.44	-	 6.1
18.06	  2.95	-	 2.8
19.06	  3.19	-	 4.0
20.06	  4.16	-	 4.2
21.06	  5.54	-	10.1
22.06	  5.74	-	 5.6
23.06	  4.65	-	 4.2
24.06	  6.50	-	 5.0
25.06	  4.14	-	 8.1
26.06	  5.55	-	 2.6
27.06	  8.16	-	 4.5
28.06	  8.05	-	 5.5
29.06	  5.41	-	 6.4
30.06	  6.60	-	 4.4
01.07	  5.92	-	 6.5
02.07	  4.53	-	 4.0
03.07	  5.42	-	 5.8
04.07	  4.49	-	 3.9
05.07	  5.39	-	 1.8
06.07	  7.00	-	 3.6
07.07	  8.59	-	 3.1
08.07	  7.96	-	 4.2
09.07	  9.21	-	 2.9
10.07	  9.56	-	 4.1
11.07	  8.45	-	 1.5
12.07	  7.44	-	 1.6
13.07	 10.63	-	 4.9
14.07	  8.88	-	 8.5
15.07	  7.41	-	 9.0
16.07	  6.34	-	 4.8
17.07	  6.15	-	 4.9
18.07	  6.74	-	 2.1
19.07	  5.90	-	 5.1
20.07	  4.62	-	 5.0
21.07	  4.94	-	 3.2
22.07	  5.21	-	 5.6
23.07	  4.99	-	 2.6
24.07	  5.77	-	 3.1
25.07	  5.41	-	 3.3
26.07	  6.25	-	 6.4
27.07	  5.11	-	 5.5
28.07	  6.91	-	 4.5
29.07	  6.67	-	 5.8
30.07	  6.66	-	 3.6
31.07	  6.33	-	 2.5
01.08	  7.31	-	 5.0
02.08	  6.44	-	 6.2
03.08	  5.11	-	 5.1
04.08	  5.25	-	 5.0
05.08	  6.81	-	 3.5
06.08	  6.39	-	 4.1
07.08	  6.15	-	 3.1
08.08	  6.75	-	 5.2
09.08	  5.97	-	 5.8
10.08	  4.35	-	 6.5
11.08	  4.12	-	 5.9
12.08	  4.41	-	 5.8
13.08	  5.15	-	 3.9
14.08	  2.57	-	 4.1
15.08	  2.04	-	 3.6
16.08	  2.31	-	 7.1
17.08	  3.75	-	 5.8
18.08	  5.66	-	 2.8
19.08	  6.64	-	 2.4
20.08	  8.76	-	 3.5
21.08	  6.81	-	 3.5
22.08	  6.69	-	 1.8
23.08	  5.99	-	 3.5
24.08	  4.54	-	 2.8
25.08	  3.14	-	 2.9
26.08	  3.76	-	 3.1
27.08	  3.30	-	 3.5
28.08	  2.41	-	 3.1
29.08	  2.73	-	 5.9
30.08	  2.91	-	 5.1
31.08	  3.09	-	 2.9
01.09	  3.95	-	 6.9
02.09	  3.05	-	 6.0
03.09	  3.88	-	 3.9
04.09	  3.38	-	 3.5
05.09	  2.29	-	 2.0
06.09	  2.83	-	 3.3
07.09	  2.23	-	 4.9
08.09	  1.57	-	 3.8
09.09	  1.30	-	 2.1
10.09	  2.44	-	 1.9
11.09	  1.48	-	 5.0
12.09	 -0.04	-	 2.4
13.09	  4.70	-	 4.2
14.09	  4.62	-	 6.4
15.09	 -0.74	-	 6.0
16.09	  2.11	-	 5.4
17.09	  3.15	-	 4.1
18.09	  2.40	-	 2.9
19.09	  1.55	-	 6.5
20.09	  0.99	-	 8.0
21.09	  2.64	-	 3.0
22.09	  2.98	-	 2.0
23.09	  4.05	-	 4.1
24.09	  1.56	-	 5.9
25.09	 -1.02	-	 1.6
26.09	 -1.56	-	 1.9
27.09	  0.96	-	 3.0
28.09	  0.98	 1.0	 2.2
29.09	  2.02	-	 5.6
30.09	  0.40	-	 2.0
01.10	  3.74	-	 4.0
02.10	  3.59	-	 6.9
03.10	  0.89	-	 2.4
04.10	  3.29	-	 3.8
05.10	  4.81	-	 9.8
06.10	  1.82	-	 2.8
07.10	  6.27	-	 4.4
08.10	  3.24	-	 1.6
09.10	  2.85	-	 0.8
10.10	  1.13	-	 3.4
11.10	 -2.14	10.0	11.0
12.10	 -2.56	 8.0	 5.5
13.10	 -3.84	 7.0	 5.5
14.10	 -6.86	 7.0	 3.2
15.10	 -5.86	 5.0	 2.5
16.10	 -6.30	-	 3.6
17.10	 -6.41	-	 2.9
18.10	 -7.11	 8.0	 3.4
19.10	 -0.73	20.0	10.2
20.10	 -0.91	-	10.1
21.10	 -1.36	18.0	 5.9
22.10	 -1.10	18.0	12.4
23.10	 -3.35	18.0	 8.9
24.10	 -5.80	18.0	 3.9
25.10	 -6.36	15.0	 3.9
26.10	 -7.45	12.0	 2.9
27.10	 -9.38	10.0	 2.6
28.10	 -9.05	10.0	 1.5
29.10	 -9.86	10.0	 1.8
30.10	-12.12	-	 3.4
31.10	-11.00	-	 6.1
01.11	 -9.95	10.0	 9.0
02.11	 -8.24	-	 5.9
03.11	 -6.35	-	 5.4
04.11	 -7.11	-	 4.6
05.11	 -5.13	-	 6.3
06.11	-11.91	-	 3.4
07.11	-16.06	-	 5.6
08.11	-14.70	 9.0	 4.0
09.11	-13.78	-	 4.8
10.11	-13.08	-	 5.2
11.11	 -8.75	 8.0	 5.6
12.11	-10.72	-	 4.9
13.11	 -9.40	 8.0	 7.2
14.11	-10.20	 9.0	 4.5
15.11	-10.11	 9.0	 3.2
16.11	 -5.05	-	 5.2
17.11	-10.77	17.0	 5.0
18.11	-15.61	17.0	 3.8
19.11	-10.04	14.0	 2.2
20.11	 -7.28	-	 4.1
21.11	-14.34	-	 6.2
22.11	-20.82	16.0	 3.8
23.11	-18.09	16.0	 3.4
24.11	-17.05	-	10.0
25.11	-14.88	17.0	 7.4
26.11	-15.95	17.0	 5.5
27.11	-13.99	-	 2.4
28.11	 -5.09	18.0	 5.1
29.11	 -2.10	17.0	 5.0
30.11	 -5.29	17.0	 3.6
01.12	 -8.02	17.0	 8.0
02.12	-14.25	14.0	 7.5
03.12	-14.96	14.0	 5.4
04.12	-15.09	14.0	 9.9
05.12	-15.24	14.0	 8.2
06.12	-15.16	14.0	 7.5
07.12	-15.96	10.0	 3.4
08.12	-18.10	-	 4.1
09.12	-16.20	-	 4.5
10.12	-18.62	10.0	 3.8
11.12	-10.66	10.0	 3.8
12.12	-11.59	10.0	 2.4
13.12	-10.73	10.0	 3.4
14.12	 -4.84	10.0	 4.1
15.12	-10.80	12.0	 5.0
16.12	 -1.54	-	 9.9
17.12	 -0.33	-	 7.9
18.12	 -2.76	12.0	 1.9
19.12	-13.48	12.0	 9.3
20.12	-18.13	10.0	12.2
21.12	-15.54	-	10.0
22.12	-15.69	-	 2.4
23.12	 -7.51	10.0	 3.5
24.12	 -6.89	10.0	 2.6
25.12	 -7.75	-	 3.4
26.12	-14.65	-	 3.6
27.12	-15.58	 9.0	 3.3
28.12	-12.98	-	 3.5
29.12	 -5.53	-	 2.9
30.12	 -9.58	 9.0	10.3
31.12	-15.35	 9.0	13.4
