01.01	-18.06	18.0	 5.0
02.01	-21.70	18.0	 4.9
03.01	-20.27	18.0	 3.2
04.01	-17.27	18.0	 6.2
05.01	-20.68	17.0	 8.0
06.01	-27.46	18.0	 4.2
07.01	-28.00	-	 5.4
08.01	-20.39	20.0	 5.6
09.01	-18.84	-	 5.8
10.01	-23.96	20.0	 6.8
11.01	-25.79	20.0	 7.0
12.01	-26.90	-	 9.7
13.01	-20.86	18.0	 5.0
14.01	-19.16	-	 4.3
15.01	-16.98	-	 4.4
16.01	-18.98	21.0	 5.0
17.01	-14.79	21.0	 5.9
18.01	 -4.88	19.0	 4.8
19.01	 -2.30	19.0	 3.4
20.01	 -3.11	19.0	 0.9
21.01	  0.27	-	 8.2
22.01	 -1.19	19.0	 7.0
23.01	 -3.50	20.0	 3.0
24.01	 -4.21	20.0	 1.6
25.01	 -4.49	20.0	 1.8
26.01	 -5.81	17.0	 5.5
27.01	 -1.39	17.0	 6.9
28.01	  0.85	20.0	 4.1
29.01	  0.55	20.0	 2.8
30.01	 -1.14	20.0	 5.9
31.01	 -1.62	17.0	 1.9
01.02	 -2.47	18.0	 6.4
02.02	-11.80	20.0	15.5
03.02	-18.14	-	13.0
04.02	-14.38	17.0	 8.2
05.02	-13.04	17.0	 9.0
06.02	-16.79	17.0	 4.9
07.02	-20.01	-	 4.6
08.02	-18.21	17.0	 6.0
09.02	-11.94	17.0	 8.1
10.02	 -7.96	17.0	 9.2
11.02	 -9.70	-	14.0
13.02	-10.90	15.0	 2.5
14.02	 -9.51	15.0	 2.1
15.02	-10.55	16.0	 3.5
16.02	 -8.22	18.0	 1.8
17.02	 -0.65	19.0	 5.7
18.02	  1.98	18.0	-
19.02	 -0.41	16.0	 3.0
20.02	  0.19	16.0	 8.6
21.02	 -7.30	-	10.0
22.02	-14.50	-	 4.1
23.02	-15.12	17.0	 8.7
24.02	-15.46	17.0	 8.9
25.02	-18.06	17.0	 5.0
26.02	-19.46	-	 3.0
27.02	-20.44	-	 4.0
28.02	-18.20	16.0	 3.2
01.03	-15.10	18.0	 2.0
02.03	-15.51	18.0	 7.2
03.03	-13.05	17.0	11.4
04.03	 -4.97	16.0	 4.6
05.03	 -2.17	16.0	 6.8
06.03	 -3.83	-	 3.6
07.03	 -6.36	16.0	 4.4
08.03	 -3.00	16.0	 3.1
09.03	 -2.00	-	 7.9
10.03	 -1.79	17.0	 4.9
11.03	 -3.14	-	 2.9
12.03	 -5.36	-	 2.2
13.03	-13.25	22.0	 0.9
14.03	-17.66	22.0	 4.4
15.03	-22.23	22.0	 4.1
16.03	-12.30	17.0	 6.4
17.03	-10.59	17.0	 6.8
18.03	-15.61	30.0	 7.4
19.03	-18.11	23.0	 3.2
20.03	-16.81	-	 0.9
21.03	-15.58	17.0	 1.6
22.03	-15.72	25.0	 1.1
23.03	-21.40	25.0	 2.4
24.03	-28.01	25.0	 3.5
25.03	-15.46	-	 7.6
26.03	-11.70	15.0	10.5
27.03	 -9.09	-	 9.2
28.03	 -3.81	24.0	 5.4
29.03	 -7.84	27.0	 4.5
30.03	-13.39	26.0	 2.9
31.03	-11.15	27.0	 3.3
01.04	-21.30	24.0	 3.1
02.04	-23.15	24.0	 3.0
03.04	-15.00	-	10.6
04.04	-18.09	-	 5.1
05.04	-23.74	-	 4.0
06.04	-23.19	23.0	 2.9
07.04	-13.11	22.0	 7.0
08.04	 -9.41	34.0	 3.1
09.04	-12.91	34.0	 2.1
10.04	 -8.14	-	 4.0
11.04	 -5.01	35.0	 8.1
12.04	-15.06	35.0	 3.6
13.04	-15.40	35.0	 4.6
14.04	-16.39	33.0	 3.2
15.04	-17.62	33.0	 4.4
16.04	-18.98	33.0	 1.9
17.04	-19.86	-	 1.2
18.04	-17.86	-	 1.6
19.04	-18.33	-	 1.8
20.04	-16.33	33.0	 2.6
21.04	-14.61	34.0	 2.5
22.04	-19.25	34.0	 1.9
23.04	-18.71	33.0	 0.6
24.04	-17.43	-	 0.9
25.04	-16.09	34.0	 0.9
26.04	-14.88	34.0	 0.8
27.04	-14.82	33.0	 1.1
28.04	-18.02	33.0	 0.9
29.04	-13.90	-	 1.2
30.04	 -4.16	33.0	 5.9
01.05	 -6.44	-	 2.0
02.05	 -2.73	34.0	 6.0
03.05	  0.53	32.0	 7.1
04.05	  1.15	31.0	 4.8
05.05	 -0.11	29.0	 6.1
06.05	 -2.55	29.0	 7.8
07.05	 -5.75	29.0	 7.1
08.05	 -6.75	-	 5.6
09.05	 -3.37	29.0	 8.0
10.05	  2.20	29.0	11.5
11.05	  1.98	24.0	 7.2
12.05	  0.99	21.0	 5.4
13.05	  1.36	17.0	 6.8
14.05	  0.33	17.0	 0.6
15.05	  0.75	17.0	 2.4
16.05	  0.61	-	 5.1
17.05	 -3.31	-	 4.9
18.05	 -2.71	-	 1.1
19.05	 -1.42	-	 2.5
20.05	  0.09	-	 2.9
21.05	  0.87	-	 3.4
22.05	  1.59	-	 3.3
23.05	  1.09	-	 1.2
24.05	 -2.57	 1.0	 5.0
25.05	 -6.14	-	 6.9
26.05	 -5.55	-	 5.9
27.05	 -1.35	-	 6.1
28.05	 -0.27	-	 3.7
29.05	  0.69	-	 2.4
30.05	  0.90	-	 2.4
31.05	  1.86	-	 2.9
01.06	  0.86	-	 1.7
02.06	  0.96	-	 4.4
03.06	 -0.08	-	 3.4
04.06	  1.43	-	 5.8
05.06	  1.61	-	 3.9
06.06	  1.16	-	 3.5
07.06	  1.87	-	 3.6
08.06	  1.50	-	 2.8
09.06	  1.73	-	 3.5
10.06	  1.23	-	 3.5
11.06	  2.11	-	 4.4
12.06	  3.60	-	 6.4
13.06	  4.03	-	 8.4
14.06	  2.50	-	 2.4
15.06	  4.75	-	 9.2
16.06	  2.06	-	 8.4
17.06	  3.60	-	 2.8
18.06	  3.94	-	 1.9
19.06	  4.31	-	 2.4
20.06	  6.16	-	 3.0
21.06	  5.05	-	 6.0
22.06	  3.20	-	 7.1
23.06	  2.43	-	 1.9
24.06	  3.95	-	 4.2
25.06	  6.11	-	 5.1
26.06	  2.99	-	 9.3
27.06	  3.79	-	 5.8
28.06	  3.51	-	 5.0
29.06	  4.61	-	 2.9
30.06	  2.89	-	 4.6
01.07	  3.74	-	 3.6
02.07	  4.46	-	 3.5
03.07	  6.41	-	 5.6
04.07	  7.88	-	 2.9
05.07	 10.35	-	 2.8
06.07	  9.94	-	 4.8
07.07	  9.00	-	 7.2
08.07	  5.74	-	 7.1
09.07	  4.25	-	 7.6
10.07	  4.88	-	 5.6
11.07	  8.74	-	 2.0
12.07	 12.14	-	 7.0
13.07	 10.69	-	 5.0
14.07	 10.85	-	 4.4
15.07	  8.66	-	 6.0
16.07	  7.39	-	 3.9
17.07	  6.34	-	 3.0
18.07	  6.62	-	 3.5
19.07	  6.19	-	 3.5
20.07	  4.28	-	 5.5
21.07	  2.82	-	 7.6
22.07	  3.59	-	 8.1
23.07	  7.70	-	 7.1
24.07	 10.41	-	 2.4
25.07	  9.56	-	 2.6
26.07	  7.90	-	 3.2
27.07	  8.14	-	 1.5
28.07	 12.29	-	 5.4
29.07	  8.47	-	 3.6
30.07	  8.34	-	 6.9
31.07	  8.35	-	 5.5
01.08	 10.29	-	 1.9
02.08	  9.70	-	 2.4
03.08	  7.47	-	 4.0
04.08	  8.93	-	 1.8
05.08	  8.05	-	 4.8
06.08	  6.10	-	 4.0
07.08	  7.25	-	 2.4
08.08	  7.38	-	 3.1
09.08	  7.89	-	 5.0
10.08	  7.60	-	 2.6
11.08	  7.39	-	 3.0
12.08	  6.90	-	 2.2
13.08	  6.89	-	 2.1
14.08	  6.89	-	 1.8
15.08	  5.47	-	 6.5
16.08	  4.10	-	 2.5
17.08	  5.24	-	 3.0
18.08	  4.44	-	 5.2
19.08	  4.68	-	 5.8
20.08	  5.05	-	 2.9
21.08	  6.14	-	 5.8
22.08	  6.88	-	 3.5
23.08	  7.62	-	 2.1
24.08	  6.96	-	 1.5
25.08	  5.72	-	12.4
26.08	  5.88	-	 2.6
27.08	  6.41	-	 4.4
28.08	  4.11	-	 3.5
29.08	  3.24	-	 1.2
30.08	  3.61	-	 2.4
31.08	  3.01	-	 9.9
01.09	  4.39	-	 1.4
02.09	  5.05	-	 3.2
03.09	  5.55	-	 7.2
04.09	  3.75	-	 1.0
05.09	  4.30	-	 3.0
06.09	  3.70	-	 5.8
07.09	  4.50	-	 2.9
08.09	  3.38	-	 0.9
09.09	  3.79	-	 3.0
10.09	  2.59	-	 3.8
11.09	  1.82	-	 5.9
12.09	  3.09	-	 3.5
13.09	  1.95	-	 7.5
14.09	 -0.04	-	 6.5
15.09	 -1.70	-	 6.0
16.09	 -2.66	-	 6.8
17.09	 -1.24	 2.0	 0.9
18.09	 -1.88	-	 2.1
19.09	 -2.17	-	 4.0
20.09	 -2.17	-	 7.0
21.09	  0.76	-	 9.4
22.09	 -1.41	 2.0	 3.4
23.09	  5.24	-	 5.6
24.09	  4.88	-	 7.6
25.09	  1.42	-	 5.4
26.09	  2.11	-	11.5
27.09	  0.39	-	 9.4
28.09	 -0.11	-	 2.0
29.09	  1.31	-	 4.5
30.09	  0.66	 2.0	 3.0
01.10	  0.42	 2.0	 4.2
02.10	 -2.40	-	 6.3
03.10	 -3.10	-	 1.9
04.10	 -4.09	-	 4.8
05.10	 -4.99	 1.0	 5.1
06.10	 -4.29	-	 7.0
07.10	 -2.50	-	 2.8
08.10	 -4.06	 2.0	 6.2
09.10	 -5.57	-	 3.8
10.10	 -3.50	-	 0.6
11.10	 -3.20	-	 2.9
12.10	 -8.29	 2.0	 2.9
13.10	 -3.83	 2.0	 4.0
14.10	  1.15	 2.0	 6.6
15.10	 -3.21	 3.0	 5.6
16.10	 -4.41	-	 4.5
17.10	 -3.39	-	 8.1
18.10	 -3.39	-	 3.5
19.10	 -0.75	-	 9.5
20.10	  1.74	 4.0	 4.9
21.10	  0.04	 3.0	 5.2
22.10	 -2.09	-	 9.8
23.10	 -2.62	 3.0	 7.1
24.10	 -1.19	-	 4.8
25.10	 -6.16	11.0	 2.6
26.10	-11.25	10.0	 3.8
27.10	 -7.95	-	 3.7
28.10	 -6.39	-	 5.6
29.10	 -6.89	15.0	 2.5
30.10	 -2.40	-	 4.1
31.10	 -3.86	 6.0	 5.4
01.11	 -1.11	10.0	 7.1
02.11	  0.62	17.0	 2.5
03.11	 -3.33	15.0	 3.2
04.11	 -1.53	-	 2.6
05.11	 -3.27	16.0	 3.5
06.11	 -5.41	-	 2.4
07.11	 -1.20	-	 1.9
08.11	 -1.03	-	 2.2
09.11	 -2.28	16.0	 9.0
10.11	  1.53	17.0	 4.8
11.11	  3.35	-	 6.4
12.11	  2.81	16.0	 5.4
13.11	 -6.97	-	 5.5
14.11	-10.50	17.0	 4.1
15.11	-10.78	17.0	 6.6
16.11	 -6.98	16.0	 7.9
17.11	 -0.19	17.0	 9.4
18.11	  2.40	-	 7.5
19.11	 -2.62	15.0	 3.8
20.11	 -3.95	-	 2.2
21.11	 -0.28	-	 6.4
22.11	 -0.30	-	 7.4
23.11	 -0.54	13.0	 6.0
24.11	 -2.90	13.0	 3.4
25.11	 -1.95	13.0	 7.9
26.11	  1.21	13.0	 7.0
27.11	  1.96	-	 5.5
28.11	  0.69	13.0	 9.5
29.11	 -1.31	13.0	 7.6
30.11	 -1.16	14.0	 7.9
01.12	 -1.48	14.0	 7.9
02.12	 -5.67	-	 4.8
03.12	 -7.86	-	 3.8
04.12	 -7.76	-	 4.5
05.12	 -2.33	-	 5.8
06.12	 -1.62	23.0	 6.9
07.12	 -3.48	19.0	 3.4
08.12	 -2.36	19.0	 0.6
09.12	 -2.12	-	 1.2
10.12	  2.49	19.0	 4.1
11.12	  1.95	14.0	 3.8
12.12	 -0.94	-	 7.1
13.12	 -3.72	13.0	 4.0
14.12	 -4.58	12.0	 3.0
15.12	 -0.14	14.0	 7.2
16.12	 -1.20	-	 6.0
17.12	 -4.58	14.0	12.0
18.12	 -3.04	-	 2.0
19.12	 -5.79	-	10.1
20.12	 -8.33	-	 6.5
21.12	 -7.18	14.0	 9.3
22.12	 -4.89	13.0	 9.5
23.12	 -4.29	13.0	10.5
24.12	-11.00	13.0	10.4
25.12	-14.14	13.0	 5.8
26.12	-12.64	13.0	 3.8
27.12	-14.34	14.0	 6.1
28.12	-14.50	13.0	 4.8
29.12	-12.57	13.0	 8.5
30.12	 -7.22	-	 5.2
31.12	 -6.05	13.0	 3.9
