01.01	 -3.28	 8.0	 2.8
02.01	 -2.93	 8.0	 4.7
03.01	 -0.83	 9.0	 5.9
04.01	 -5.41	 9.0	 5.2
05.01	 -7.52	 9.0	 1.8
06.01	 -3.70	-	 6.9
07.01	  0.03	 9.0	 7.2
08.01	 -1.46	 7.0	 6.0
09.01	  0.60	 7.0	 8.6
10.01	 -3.37	 7.0	 3.7
11.01	 -4.11	 7.0	 7.3
12.01	-10.09	 7.0	 4.7
13.01	 -8.85	 6.0	 5.6
14.01	-10.50	 6.0	 9.4
15.01	-12.00	 5.0	 6.4
16.01	-14.72	 5.0	 8.8
17.01	-16.08	-	 5.7
18.01	-11.34	 5.0	 5.8
19.01	 -4.93	 5.0	 8.2
20.01	 -3.53	 6.0	 6.5
21.01	 -4.55	 6.0	 5.0
22.01	  2.71	 3.0	10.6
23.01	  1.74	-	 7.0
24.01	 -0.80	 3.0	 4.1
25.01	 -3.53	-	 6.2
26.01	 -7.47	 3.0	11.6
27.01	-16.04	-	13.5
28.01	-17.82	-	 7.4
29.01	-17.12	-	 8.1
30.01	-20.76	-	 8.9
31.01	-18.66	-	 6.7
01.02	-17.82	-	 9.0
02.02	-15.21	-	 8.0
03.02	 -8.84	-	 7.1
04.02	 -2.20	 5.0	 9.5
05.02	 -3.94	 5.0	 9.3
06.02	-15.90	 5.0	 7.8
07.02	-16.30	 5.0	 7.9
08.02	-18.60	 5.0	 4.0
09.02	-22.93	-	 4.8
10.02	-22.33	-	 2.8
11.02	-20.58	-	 7.7
12.02	-17.59	-	 5.2
13.02	-19.32	-	 4.8
14.02	-20.75	-	 2.3
15.02	-11.67	-	11.2
16.02	  3.89	-	 6.9
17.02	 -0.60	-	 5.0
18.02	 -7.16	-	 4.9
19.02	-13.05	-	 4.2
20.02	-18.05	-	 3.2
21.02	-20.47	-	 2.8
22.02	-24.22	-	 3.4
23.02	-22.20	-	 2.0
24.02	-11.48	-	 8.9
25.02	 -7.23	-	 8.4
26.02	 -9.29	-	 5.3
27.02	-15.51	-	 4.0
28.02	 -9.62	-	 9.8
01.03	 -8.34	-	15.0
02.03	 -6.13	-	14.7
03.03	 -0.95	-	 5.6
04.03	 -4.38	 5.0	 2.5
05.03	 -2.60	 6.0	 4.4
06.03	 -0.03	 6.0	 7.0
07.03	 -1.13	 6.0	 4.4
09.03	 -1.60	-	 4.3
10.03	 -4.51	-	 6.8
11.03	 -7.17	-	 8.1
12.03	 -7.70	-	 8.8
13.03	 -5.15	-	 5.7
14.03	 -5.35	-	 4.8
15.03	  2.67	-	12.0
16.03	 -7.37	-	 9.1
17.03	 -9.83	-	 1.7
18.03	-10.98	-	 5.2
19.03	-14.26	-	 5.9
20.03	-17.53	-	 4.7
21.03	-17.69	-	 3.7
22.03	-12.60	-	 6.4
23.03	-14.47	 7.0	 7.1
24.03	-15.72	 7.0	 3.1
25.03	-13.06	 7.0	 4.7
26.03	 -0.43	 7.0	 9.8
27.03	  0.86	10.0	 4.9
28.03	 -4.25	10.0	 5.0
29.03	 -7.87	10.0	 8.8
30.03	 -8.40	 9.0	13.0
31.03	 -6.50	 9.0	 9.4
01.04	 -7.30	 9.0	 8.5
02.04	-10.08	 9.0	 8.0
03.04	-13.24	 9.0	 3.9
04.04	-11.84	-	 2.7
05.04	 -4.55	 9.0	 9.4
06.04	 -3.83	 9.0	 8.6
07.04	 -3.99	 9.0	 3.5
08.04	 -6.15	 9.0	 0.9
09.04	 -4.08	 9.0	 2.8
10.04	 -5.01	 9.0	 2.2
11.04	 -3.20	10.0	 3.5
12.04	 -3.44	10.0	 5.2
13.04	 -1.23	 9.0	 8.6
14.04	 -0.50	 9.0	 4.1
15.04	  0.61	 9.0	 6.5
16.04	  2.62	 9.0	 8.0
17.04	 -0.57	 6.0	 7.3
18.04	 -2.78	 6.0	 3.0
19.04	 -3.89	 8.0	 4.2
20.04	 -5.97	 8.0	 2.6
21.04	 -7.83	 8.0	 5.6
22.04	 -6.67	 7.0	 7.1
23.04	-10.51	 7.0	 6.6
24.04	 -6.97	 7.0	 6.9
25.04	 -4.96	 7.0	 3.0
26.04	 -5.89	 7.0	 3.6
27.04	 -6.05	-	 4.0
28.04	 -6.66	-	 4.0
29.04	 -7.65	31.0	 2.1
30.04	 -8.45	-	 3.7
01.05	 -9.99	-	 6.2
02.05	 -8.55	-	 4.6
03.05	 -8.46	-	 4.0
04.05	 -6.73	-	 2.6
05.05	 -4.93	 8.0	 3.3
06.05	 -2.81	 7.0	 4.5
07.05	 -1.73	 7.0	 5.3
08.05	 -2.23	 7.0	 6.6
09.05	 -4.76	 7.0	 7.6
10.05	 -5.45	 7.0	 6.0
11.05	 -4.01	 7.0	 2.8
12.05	 -6.27	 7.0	 6.2
13.05	 -7.67	 7.0	 5.6
14.05	 -4.77	 7.0	 2.0
15.05	 -1.07	 5.0	 2.4
16.05	  1.93	-	 7.9
17.05	 -0.26	 5.0	 5.5
18.05	 -0.70	-	 2.1
19.05	  1.41	-	 2.8
20.05	  1.25	-	 1.7
21.05	  1.43	-	 2.8
22.05	  0.14	-	 4.5
23.05	 -1.22	-	 4.4
24.05	 -0.41	-	 2.3
25.05	 -0.10	-	 2.3
26.05	  0.43	-	 2.0
27.05	  0.67	-	 2.9
28.05	  0.73	-	 4.7
29.05	  1.45	-	 6.7
30.05	  2.18	-	 3.6
31.05	  3.05	-	 4.0
01.06	  3.28	-	 5.0
02.06	  3.27	-	 5.4
03.06	  2.39	-	 2.3
04.06	  2.81	-	 2.6
05.06	  3.01	-	 2.9
06.06	  3.16	-	 3.7
07.06	  2.57	-	 5.7
08.06	  3.43	-	 3.0
09.06	  4.37	-	 3.6
10.06	  4.95	-	 3.4
11.06	  4.03	-	 4.2
12.06	  3.59	-	 5.8
13.06	  3.49	-	 8.0
14.06	  4.38	-	 7.7
15.06	  6.56	-	 5.7
16.06	  5.41	-	 5.8
17.06	  5.52	-	 6.9
18.06	  4.73	-	 3.8
19.06	  5.44	-	 5.5
20.06	  5.99	-	 4.2
21.06	  6.55	-	 6.3
22.06	  7.37	-	 5.3
23.06	  6.77	-	 5.7
24.06	  5.04	-	 4.5
25.06	  5.15	-	 2.6
26.06	  5.24	-	 4.6
27.06	  4.73	-	 2.8
28.06	  3.93	-	 5.7
29.06	  3.55	-	 3.6
30.06	  5.96	-	 3.1
01.07	  5.60	-	 6.6
02.07	  4.57	-	 6.2
03.07	  5.71	-	 2.5
04.07	  7.46	-	 4.1
05.07	  6.26	-	 4.0
06.07	  8.26	-	 4.1
07.07	  8.63	-	 5.9
08.07	  6.80	-	 7.5
09.07	  9.73	-	 4.6
10.07	 10.46	-	 2.5
11.07	  9.39	-	 6.7
12.07	  6.84	-	 2.5
13.07	  7.41	-	 3.6
14.07	  9.50	-	 4.2
15.07	  9.01	-	 4.7
16.07	  6.57	-	 5.3
17.07	  8.34	-	 4.8
18.07	  7.42	-	 6.6
19.07	  7.19	-	 6.7
20.07	  9.86	-	 5.5
21.07	  9.57	-	 4.8
22.07	  8.81	-	 4.1
23.07	  6.35	-	 3.1
24.07	  6.75	-	 4.2
25.07	  6.45	-	 5.8
26.07	  6.43	-	 3.9
27.07	  7.20	-	 2.9
28.07	  6.43	-	10.3
29.07	 10.93	-	 4.6
30.07	 13.81	-	 3.1
31.07	 14.52	-	 7.2
01.08	 15.56	-	 7.1
02.08	 13.42	-	 7.8
03.08	  9.72	-	 7.2
04.08	  9.20	-	 3.1
05.08	  9.92	-	 2.3
06.08	  7.32	-	 3.9
07.08	  8.17	-	 4.9
08.08	  7.01	-	 2.9
09.08	  8.62	-	 3.0
10.08	  7.43	-	 2.6
11.08	  8.81	-	 3.1
12.08	  9.34	-	 2.3
13.08	 10.25	-	 3.3
14.08	  7.55	-	 5.4
15.08	  6.34	-	 3.9
16.08	  7.50	-	 2.7
17.08	  7.76	-	 3.2
18.08	  8.35	-	 5.9
19.08	  6.90	-	 6.8
20.08	  5.57	-	 5.5
21.08	  6.01	-	 2.7
22.08	  6.33	-	 3.3
23.08	  6.95	-	 5.0
24.08	  5.98	-	 3.3
25.08	  5.22	-	 1.9
26.08	  5.35	-	 4.7
27.08	  4.75	-	 4.4
28.08	  3.80	-	 3.7
29.08	  2.45	-	 4.5
30.08	  3.03	-	 9.0
31.08	  1.98	-	 6.0
01.09	  1.50	-	 3.1
02.09	  0.90	-	 3.3
03.09	  1.83	-	 1.9
04.09	  2.56	-	 3.4
05.09	  1.83	-	 1.5
06.09	  2.52	-	 2.3
07.09	  3.61	-	 7.8
08.09	  1.98	-	 8.5
09.09	  0.82	-	 4.5
10.09	  2.44	-	 4.5
11.09	  4.75	-	 5.6
12.09	  3.77	-	 5.8
13.09	  5.90	-	 4.5
14.09	  6.26	-	 1.4
15.09	  3.81	-	 5.9
16.09	  3.16	-	 3.3
17.09	  3.87	-	 3.2
18.09	  0.42	-	 2.2
19.09	  0.90	-	 1.8
20.09	  2.15	-	 4.4
21.09	  2.78	-	 3.6
22.09	  5.00	-	 2.7
23.09	  3.58	-	 1.5
24.09	  3.15	-	 2.2
25.09	  1.65	-	 1.5
26.09	  0.85	-	 1.2
27.09	  1.11	-	 3.1
28.09	  4.70	-	 3.5
29.09	  4.17	-	 5.3
30.09	  0.75	-	 9.6
01.10	 -2.99	-	 5.3
02.10	 -4.09	-	 2.7
03.10	 -3.25	-	 3.3
04.10	 -2.90	-	 4.3
05.10	 -5.33	-	 2.9
06.10	 -1.07	-	 2.3
07.10	  1.52	-	 2.2
08.10	 -1.00	-	 2.8
09.10	 -2.17	-	 2.2
10.10	  1.08	-	 1.4
11.10	  3.25	-	 3.8
12.10	  0.56	-	 1.8
13.10	 -0.79	 2.0	 2.0
14.10	 -2.23	 2.0	 7.8
15.10	  0.09	 1.0	 4.4
16.10	  0.75	 4.0	 9.3
17.10	 -1.29	-	 4.8
18.10	  0.30	 4.0	 2.8
19.10	  2.48	-	 7.7
20.10	 -4.47	 4.0	 6.5
21.10	 -4.50	 2.0	 8.8
22.10	 -1.76	 2.0	11.2
23.10	 -0.92	-	10.1
24.10	 -0.83	 3.0	 4.8
25.10	  0.10	 3.0	 5.1
26.10	 -4.19	 2.0	 4.6
27.10	 -9.18	 4.0	 3.7
28.10	-11.83	-	 3.7
29.10	 -6.95	 4.0	 3.6
30.10	  2.62	 2.0	 8.4
31.10	  2.06	 1.0	 3.4
01.11	  1.12	 1.0	 3.1
02.11	  0.36	-	 2.2
03.11	 -2.75	-	 6.4
04.11	 -6.56	 4.0	 2.7
05.11	-11.42	 7.0	 5.4
06.11	 -9.06	 7.0	 4.7
07.11	 -4.57	13.0	 4.5
08.11	  1.09	12.0	 5.9
09.11	  3.18	 4.0	 4.9
10.11	  3.30	 2.0	 9.8
11.11	  3.12	 2.0	 7.4
12.11	  1.36	 2.0	 6.2
13.11	 -0.43	 1.0	 8.0
14.11	 -1.57	 1.0	 8.5
15.11	  0.38	 2.0	 7.5
16.11	 -0.47	 3.0	 4.1
17.11	 -2.81	 3.0	 3.6
18.11	 -6.47	 3.0	 4.5
19.11	 -9.15	 5.0	 4.2
20.11	 -8.79	 3.0	 4.3
21.11	 -8.30	 3.0	 4.5
22.11	 -6.68	 3.0	 7.3
23.11	 -8.74	 4.0	 6.1
24.11	 -9.53	 4.0	 5.8
25.11	 -4.41	 4.0	 7.3
26.11	 -2.69	 4.0	 9.5
27.11	 -2.50	 4.0	12.7
28.11	 -4.00	 3.0	12.0
29.11	 -3.26	 2.0	11.8
30.11	 -1.14	 2.0	 9.6
01.12	  0.80	 2.0	 6.3
02.12	  0.46	 3.0	 3.6
03.12	 -1.64	 3.0	 3.5
04.12	 -2.59	 3.0	 2.8
05.12	 -3.44	 4.0	 4.6
06.12	 -1.88	 4.0	 9.4
07.12	 -3.84	 4.0	 5.9
08.12	 -9.43	 4.0	 3.8
09.12	 -9.71	 4.0	 4.7
10.12	 -7.47	 4.0	 7.7
11.12	-10.63	 5.0	 6.7
12.12	-13.73	 5.0	 4.2
13.12	-16.70	 8.0	 4.4
14.12	-12.25	 8.0	 5.5
15.12	-11.56	 7.0	 2.9
16.12	-12.75	 7.0	 5.4
17.12	-12.39	 6.0	 8.9
18.12	 -4.41	 6.0	16.2
19.12	 -1.57	10.0	12.3
20.12	 -1.03	 8.0	 9.2
21.12	 -5.05	 8.0	 2.9
22.12	 -9.75	 5.0	 3.5
23.12	 -5.22	 3.0	 6.2
24.12	 -3.80	12.0	 1.8
25.12	 -7.69	 9.0	 7.2
26.12	-13.76	 9.0	 8.9
27.12	-14.74	 9.0	 6.0
28.12	 -2.23	-	 9.1
29.12	  4.29	14.0	 5.6
30.12	  4.13	 4.0	 4.2
31.12	  5.17	10.0	 6.7
