01.01	 -9.63	19.0	 5.5
02.01	 -7.07	19.0	 7.3
03.01	 -6.45	18.0	 7.6
04.01	 -6.02	18.0	 5.7
05.01	 -4.28	18.0	 8.3
06.01	 -5.11	20.0	 7.6
07.01	 -6.82	-	 5.7
08.01	-12.05	15.0	 6.2
09.01	-12.73	15.0	 6.6
10.01	-13.69	15.0	 7.2
11.01	-10.99	-	 6.1
12.01	-11.95	33.0	 4.8
13.01	-11.39	33.0	 5.7
14.01	 -6.51	33.0	 6.8
15.01	 -7.71	33.0	 3.4
16.01	 -2.26	27.0	 7.5
17.01	 -6.44	28.0	10.9
18.01	-12.77	28.0	 7.4
19.01	-12.83	34.0	 5.7
20.01	 -9.96	34.0	10.2
21.01	 -8.40	34.0	 8.4
22.01	-10.41	34.0	 4.5
23.01	-12.46	26.0	 4.3
24.01	 -2.25	25.0	 5.9
25.01	 -8.80	25.0	 9.1
26.01	-15.03	-	 5.4
27.01	-17.54	26.0	 4.9
28.01	-15.07	26.0	 3.8
29.01	-17.99	26.0	 4.9
30.01	-18.23	27.0	 5.4
31.01	-16.40	27.0	 4.0
01.02	-13.69	-	 3.8
02.02	 -6.16	27.0	 6.0
03.02	 -0.37	27.0	 6.5
04.02	 -1.37	17.0	 3.8
05.02	  3.63	-	 6.0
06.02	  4.15	-	 6.4
07.02	  3.71	-	10.6
08.02	  3.80	-	 7.4
09.02	  3.18	-	 9.1
10.02	  2.93	-	 6.4
11.02	  2.04	 8.0	 8.3
12.02	 -0.47	15.0	 5.6
13.02	 -7.31	12.0	 5.8
14.02	-11.32	12.0	 4.7
15.02	 -8.85	 9.0	 5.5
16.02	-15.87	10.0	 4.9
17.02	-18.42	14.0	 5.6
18.02	-18.07	-	 6.2
19.02	-10.37	10.0	 7.5
20.02	-10.73	24.0	 6.6
21.02	 -7.28	19.0	13.8
22.02	-10.95	12.0	 9.7
23.02	-10.68	-	 7.8
24.02	-10.10	10.0	 4.4
25.02	-14.62	10.0	 4.7
26.02	-15.02	10.0	 4.2
27.02	-12.61	10.0	 4.8
28.02	-12.30	10.0	 4.8
01.03	-13.98	10.0	 2.9
02.03	-11.81	10.0	 3.4
03.03	 -9.05	-	 2.7
04.03	 -5.75	10.0	 2.7
05.03	 -4.64	10.0	 6.7
06.03	-10.90	10.0	 5.0
07.03	 -4.98	14.0	 2.3
08.03	 -4.84	14.0	 5.2
09.03	 -9.67	-	 8.6
10.03	-14.21	15.0	 8.5
11.03	-20.36	15.0	 9.0
12.03	-15.60	20.0	 4.4
13.03	 -3.57	20.0	 4.2
14.03	  0.46	22.0	 4.3
15.03	 -2.59	22.0	 7.8
16.03	-12.92	22.0	12.2
17.03	-17.67	30.0	10.2
18.03	-21.97	30.0	 4.6
19.03	-15.73	30.0	 5.2
20.03	-13.41	30.0	 2.8
21.03	-14.77	30.0	 5.8
22.03	-11.08	30.0	 8.0
23.03	 -8.49	-	 6.0
24.03	-10.52	35.0	 3.4
25.03	-11.07	35.0	 8.2
26.03	-12.29	35.0	 8.3
27.03	-17.02	35.0	 2.8
28.03	-18.07	30.0	 3.0
29.03	-17.07	30.0	 5.4
30.03	-14.32	30.0	 4.8
31.03	-14.10	32.0	 4.6
01.04	-18.93	32.0	 3.5
02.04	-15.25	32.0	 3.2
03.04	-11.03	32.0	 4.9
04.04	-15.81	32.0	 3.0
05.04	-12.42	32.0	 7.8
06.04	-10.00	32.0	 9.3
07.04	 -7.95	30.0	 6.6
08.04	 -7.35	30.0	 3.9
09.04	 -1.97	31.0	 7.5
10.04	 -3.54	32.0	 8.2
11.04	 -6.99	32.0	 6.0
12.04	 -6.05	32.0	 6.0
13.04	 -6.48	32.0	 1.5
14.04	 -7.85	32.0	 4.2
15.04	-14.42	32.0	 2.0
16.04	-14.92	32.0	 3.2
17.04	-11.89	32.0	 6.9
18.04	-10.31	32.0	 5.7
19.04	-10.49	30.0	 6.1
20.04	 -5.53	30.0	 6.3
21.04	 -4.80	30.0	 8.6
22.04	 -5.57	30.0	 7.7
23.04	 -9.46	30.0	 3.8
24.04	 -8.73	30.0	 2.8
25.04	 -9.62	30.0	 2.9
26.04	 -6.79	30.0	 4.2
27.04	 -2.35	29.0	 8.3
28.04	  1.22	29.0	 9.0
29.04	  0.33	28.0	10.6
30.04	 -3.66	28.0	 2.5
01.05	 -2.12	25.0	 3.4
02.05	 -2.41	25.0	 2.9
03.05	  0.70	25.0	 7.7
04.05	  0.06	16.0	 6.0
05.05	 -5.66	16.0	 4.8
06.05	 -8.24	16.0	 4.1
07.05	 -8.12	16.0	 2.9
08.05	 -8.45	15.0	 2.6
09.05	 -9.75	15.0	 4.9
10.05	 -8.63	15.0	 4.8
11.05	 -8.80	14.0	 6.7
12.05	 -7.95	13.0	 4.5
13.05	 -5.19	13.0	 2.0
14.05	 -1.62	13.0	 2.9
15.05	 -2.28	13.0	 7.4
16.05	 -5.23	12.0	 3.4
17.05	 -5.35	12.0	 2.4
18.05	 -4.45	14.0	 4.0
19.05	 -3.38	14.0	 3.5
20.05	 -0.48	14.0	 2.0
21.05	  0.47	14.0	 2.2
22.05	 -3.57	12.0	 5.2
23.05	 -4.96	12.0	 4.5
24.05	 -4.32	 8.0	 2.6
25.05	 -3.82	 8.0	 2.2
26.05	 -2.81	 7.0	 5.0
27.05	 -3.50	-	 1.9
28.05	 -3.79	-	 4.4
29.05	 -3.12	-	 6.0
30.05	  1.78	-	 7.1
31.05	  4.83	-	 5.5
01.06	  1.96	-	 4.8
02.06	  1.82	-	 3.3
03.06	  2.29	-	 5.5
04.06	  1.56	-	 2.6
05.06	  1.38	-	 2.2
06.06	  6.04	-	 6.1
07.06	  3.10	-	 2.2
08.06	  5.30	-	 2.8
09.06	  5.87	-	 5.3
10.06	  5.14	-	 2.3
11.06	  6.35	-	 3.2
12.06	  5.94	-	 6.3
13.06	  4.09	-	 5.0
14.06	  4.57	-	 4.2
15.06	  4.06	-	 3.2
16.06	  2.98	-	 3.0
17.06	  3.40	-	 5.1
18.06	  4.61	-	 3.3
19.06	  5.67	-	 6.3
20.06	  5.52	-	 3.0
21.06	  6.06	-	 6.2
22.06	  3.86	-	 5.5
23.06	  5.49	-	 3.2
24.06	  6.64	-	 3.8
25.06	  6.29	-	 7.2
26.06	  5.72	-	 4.7
27.06	  6.16	-	 3.4
28.06	  5.81	-	 3.2
29.06	  4.74	-	 7.2
30.06	  4.54	-	 6.6
01.07	  6.01	-	 3.4
02.07	  5.41	-	 4.6
03.07	  4.30	-	 8.4
04.07	  4.37	-	 4.8
05.07	  5.22	-	 7.7
06.07	  6.11	-	 6.7
07.07	  5.59	-	 4.9
08.07	  5.30	-	 6.8
09.07	  5.14	-	 4.5
10.07	  7.44	-	 4.8
11.07	  7.40	-	 5.7
12.07	  7.70	-	 3.7
13.07	  6.63	-	 4.3
14.07	  6.26	-	 9.0
15.07	  7.83	-	 2.7
16.07	  8.94	-	 5.6
17.07	 11.07	-	 6.7
18.07	  9.52	-	 2.0
19.07	  7.29	-	 6.8
20.07	  7.15	-	 3.2
21.07	  6.70	-	 5.5
22.07	  8.23	-	 3.9
23.07	  6.67	-	 6.7
24.07	  6.40	-	 6.7
25.07	  7.23	-	 4.2
26.07	  7.41	-	 5.3
27.07	  6.60	-	 5.3
28.07	  6.51	-	 5.7
29.07	  7.40	-	 5.0
30.07	  7.62	-	 7.0
31.07	  9.66	-	 9.8
01.08	  6.63	-	 4.8
02.08	  9.38	-	 2.6
03.08	  8.88	-	 6.3
04.08	  6.88	-	 4.7
05.08	  6.79	-	 3.1
06.08	  7.98	-	 1.6
07.08	  7.17	-	 3.6
08.08	  7.73	-	 3.7
09.08	  7.15	-	 2.0
10.08	  7.31	-	 2.4
11.08	  8.16	-	 7.2
12.08	  7.83	-	 9.1
13.08	  6.93	-	 7.8
14.08	  6.75	-	 3.5
15.08	  5.50	-	 6.4
16.08	  5.25	-	 7.2
17.08	  3.41	-	 7.7
18.08	  3.48	-	 5.6
19.08	  3.86	-	 6.3
20.08	  4.45	-	 4.5
21.08	  6.10	-	 8.0
22.08	  5.69	-	 5.6
23.08	  5.18	-	 3.9
24.08	  6.56	-	 3.2
25.08	  8.12	-	 4.0
26.08	  3.84	-	 7.0
27.08	  3.76	-	 2.8
28.08	  4.90	-	 1.8
29.08	  6.34	-	 2.6
30.08	  4.78	-	 6.2
31.08	  1.65	-	 3.5
01.09	  3.20	-	 3.6
02.09	  6.39	-	 4.3
03.09	  8.05	-	 6.8
04.09	  3.71	-	 7.6
05.09	  3.68	-	 2.0
06.09	  6.38	-	 4.4
07.09	  5.93	-	 7.9
08.09	  6.24	-	 2.0
09.09	  4.59	-	 1.8
10.09	  5.47	-	 6.0
11.09	  6.49	-	 8.8
12.09	  5.82	-	10.7
13.09	  4.01	-	10.5
14.09	  3.83	-	 6.0
15.09	  1.58	-	 4.8
16.09	  0.94	-	 4.4
17.09	  2.88	-	 1.7
18.09	  7.61	-	 5.4
19.09	  6.03	-	 5.5
20.09	  1.05	-	 5.5
21.09	  1.71	-	 1.6
22.09	  2.62	-	 1.6
23.09	  5.95	-	 8.3
24.09	  4.33	-	 3.5
25.09	  7.56	-	 3.4
26.09	  6.57	-	 6.0
27.09	  6.13	-	 4.8
28.09	  8.40	-	 5.9
29.09	  5.18	-	 3.0
30.09	  5.08	-	 1.8
01.10	  2.65	-	 2.2
02.10	  2.57	-	 1.8
03.10	  2.13	-	 2.0
04.10	  1.52	-	 3.9
05.10	  0.93	-	 7.8
06.10	 -1.04	-	 6.6
07.10	 -3.39	-	 4.8
08.10	 -1.67	-	 2.9
09.10	  1.36	-	 3.6
10.10	  1.27	-	 2.2
11.10	 -0.25	-	 1.6
12.10	  1.29	-	 6.9
13.10	  4.70	-	 7.7
14.10	  4.99	-	 8.1
15.10	  4.88	-	 7.5
16.10	  3.78	-	 7.5
17.10	  2.80	-	 6.1
18.10	 -0.32	-	 5.1
19.10	  0.47	-	 2.8
20.10	  1.43	-	 3.0
21.10	  1.38	-	 4.2
22.10	  3.02	-	 3.3
23.10	  4.50	-	 9.0
24.10	 -2.68	-	 3.6
25.10	 -4.92	-	 4.6
26.10	 -2.00	-	 5.0
27.10	 -1.30	-	 6.6
28.10	 -3.99	-	 7.7
29.10	 -4.52	-	10.0
30.10	 -2.40	-	 6.0
31.10	 -2.88	-	 3.9
01.11	 -3.87	-	 5.6
02.11	 -2.05	-	 6.4
03.11	 -1.26	-	 5.5
04.11	 -1.42	-	 7.4
05.11	 -2.20	-	 4.2
06.11	 -2.43	-	 3.8
07.11	 -4.83	-	 5.6
08.11	 -1.41	-	 9.0
09.11	 -0.94	-	12.3
10.11	 -0.50	-	12.2
11.11	 -0.68	-	12.8
12.11	 -0.03	-	 4.8
13.11	 -0.39	-	 2.5
14.11	  0.05	-	 3.5
15.11	  1.11	-	 6.4
16.11	 -2.20	-	 6.7
17.11	 -3.90	-	 5.3
18.11	 -3.25	-	 9.0
19.11	 -4.57	-	 7.2
20.11	 -4.29	-	 8.3
21.11	 -5.92	-	 4.9
22.11	 -5.17	-	 8.1
23.11	 -4.76	-	 7.7
24.11	 -5.89	-	 8.0
25.11	 -6.37	-	 3.9
26.11	 -7.35	-	 3.6
27.11	 -7.82	-	 3.9
28.11	-10.20	 1.0	 4.4
29.11	-10.24	 1.0	 5.7
30.11	 -5.90	-	 9.5
01.12	 -5.42	 5.0	 4.0
02.12	 -3.82	-	 5.5
03.12	 -2.63	 8.0	 5.9
04.12	 -1.00	 7.0	 6.2
05.12	 -5.14	 6.0	 4.8
06.12	 -4.18	 6.0	 5.2
07.12	 -4.10	 6.0	 7.5
08.12	 -2.14	 6.0	 9.9
09.12	 -2.82	 6.0	 7.8
10.12	 -2.58	 6.0	 6.0
11.12	 -2.13	 5.0	 7.5
12.12	 -1.46	 5.0	 6.4
13.12	 -3.18	 5.0	 5.4
14.12	 -4.12	 6.0	 7.8
15.12	 -7.78	 6.0	 4.1
16.12	 -7.73	 6.0	 3.8
17.12	 -5.30	 3.0	 2.7
18.12	 -7.70	12.0	 4.1
19.12	 -0.27	 8.0	 9.9
20.12	  0.70	 5.0	 5.9
21.12	 -0.06	 9.0	 4.0
22.12	 -2.07	10.0	 2.9
23.12	 -1.45	10.0	 4.6
24.12	 -4.25	10.0	 6.4
25.12	 -4.47	10.0	 4.9
26.12	 -5.17	-	 6.3
27.12	 -8.16	10.0	 6.9
28.12	 -9.51	-	 9.3
29.12	-14.67	-	 6.6
30.12	-15.83	-	 5.4
31.12	-14.08	-	 7.1
