01.01	-20.19	 9.0	 8.3
02.01	-20.20	 8.0	 2.8
03.01	-12.05	 8.0	 2.4
04.01	-14.20	 9.0	 7.6
05.01	-22.04	-	 6.0
06.01	-25.45	-	 4.9
07.01	-20.50	-	 2.5
08.01	 -8.84	 8.0	 9.2
09.01	-11.79	 8.0	10.2
10.01	-11.44	 7.0	 9.5
11.01	-14.65	 7.0	 7.0
12.01	-19.36	-	 9.6
13.01	-21.29	 7.0	 2.6
14.01	-14.80	 7.0	 4.6
15.01	-12.55	-	 2.9
16.01	-11.64	 7.0	 2.2
17.01	-11.25	 8.0	 1.9
18.01	 -4.55	 8.0	 6.2
19.01	 -5.70	 8.0	 0.8
20.01	 -2.23	-	 5.4
21.01	 -1.92	-	 3.1
22.01	-10.09	-	 8.9
23.01	-19.68	-	 2.9
24.01	-21.05	 7.0	 2.6
25.01	-11.36	 7.0	 3.9
26.01	-12.99	-	 4.3
27.01	-17.34	13.0	 7.2
28.01	-19.51	10.0	 4.0
29.01	-20.67	12.0	 6.6
30.01	-27.91	-	 3.8
31.01	-26.77	 9.0	 4.4
01.02	-24.65	 8.0	 1.6
02.02	-19.36	 8.0	 2.6
03.02	-17.49	 8.0	 5.0
04.02	-10.47	-	 7.4
05.02	 -8.86	 7.0	 7.2
06.02	 -8.32	 7.0	 7.5
07.02	-12.36	 7.0	 8.2
08.02	-19.60	 7.0	 6.1
09.02	-24.30	 7.0	 1.5
10.02	-16.86	 7.0	 1.8
11.02	 -9.56	11.0	 1.4
12.02	 -6.19	-	 3.4
13.02	-14.66	12.0	 1.8
14.02	-15.76	12.0	 1.1
15.02	-17.74	12.0	 0.4
16.02	-18.82	12.0	 0.8
17.02	-16.14	12.0	 2.6
18.02	 -8.41	 9.0	 4.0
19.02	 -5.41	-	 3.8
20.02	 -8.01	 8.0	 5.8
21.02	 -4.55	19.0	 5.6
22.02	-24.61	-	 2.0
23.02	-18.59	19.0	 5.0
24.02	-12.36	-	 7.5
25.02	 -0.98	-	11.3
26.02	  2.20	18.0	 5.0
27.02	 -5.44	15.0	 6.4
28.02	-11.29	13.0	 4.4
01.03	 -7.04	13.0	 4.4
02.03	 -5.45	-	 2.8
03.03	 -8.43	18.0	 1.5
04.03	-11.21	-	 3.0
05.03	-16.15	-	 4.1
06.03	-12.40	21.0	 2.5
07.03	 -6.68	18.0	12.2
08.03	 -5.09	13.0	 8.1
09.03	 -4.23	-	10.8
10.03	 -7.47	15.0	 9.6
11.03	-18.03	-	 4.4
12.03	-24.34	14.0	 2.6
13.03	-23.46	14.0	 1.4
14.03	-16.33	14.0	 1.9
15.03	 -2.94	14.0	 6.0
16.03	  0.93	14.0	 9.5
17.03	  1.25	19.0	10.8
18.03	 -8.48	-	11.7
19.03	 -3.59	19.0	 8.9
20.03	 -9.18	23.0	 4.6
21.03	-14.53	-	 3.4
22.03	-20.39	-	 4.4
23.03	-16.90	-	 3.1
24.03	-19.14	19.0	 6.4
25.03	-17.88	-	 2.4
26.03	-20.35	27.0	 2.0
27.03	-18.24	27.0	 2.7
28.03	-16.39	27.0	 1.8
29.03	-19.05	27.0	 0.9
30.03	-21.16	27.0	 1.4
31.03	-20.97	27.0	 0.8
01.04	-19.74	27.0	 1.9
02.04	 -8.93	-	 9.6
03.04	-10.66	27.0	15.6
04.04	 -8.54	19.0	 8.0
05.04	-11.15	19.0	 8.8
06.04	-12.18	19.0	 5.1
07.04	-15.44	19.0	 7.0
08.04	-10.31	19.0	 4.6
09.04	 -7.07	19.0	 3.9
10.04	 -8.18	25.0	 5.5
11.04	 -2.76	20.0	11.2
12.04	 -5.34	19.0	 4.9
13.04	 -5.96	19.0	 1.6
14.04	 -9.30	25.0	 4.9
15.04	 -4.99	-	10.4
16.04	 -3.78	19.0	10.1
17.04	 -4.84	20.0	 2.0
18.04	 -7.42	20.0	 1.0
19.04	-10.22	-	 5.5
20.04	 -5.23	18.0	 7.1
21.04	 -0.66	18.0	 6.4
22.04	 -2.73	18.0	10.5
23.04	 -2.73	17.0	 4.4
24.04	 -1.20	18.0	 1.6
25.04	  1.49	18.0	 3.9
26.04	  0.75	18.0	 1.0
27.04	 -2.20	17.0	 3.2
28.04	 -0.82	17.0	 5.6
29.04	 -1.01	17.0	 2.1
30.04	  0.24	-	 2.6
01.05	  2.11	-	 1.6
02.05	  1.40	10.0	 1.9
03.05	  1.07	 9.0	 5.6
04.05	 -3.40	11.0	 4.6
05.05	 -4.49	10.0	 2.0
06.05	  0.01	-	 1.2
07.05	 -0.19	-	 2.0
08.05	 -1.04	-	 5.5
09.05	 -5.06	 9.0	 8.5
10.05	 -5.70	 9.0	 4.2
11.05	 -5.75	-	 1.8
12.05	 -3.33	 8.0	 1.2
13.05	 -0.14	-	 3.0
14.05	  0.57	 8.0	 3.2
15.05	 -1.25	 5.0	 6.4
16.05	 -6.17	 5.0	 3.0
17.05	 -4.89	-	 2.1
18.05	 -4.84	 5.0	 2.6
19.05	 -4.78	-	 5.4
20.05	 -4.15	-	 2.6
21.05	 -2.42	-	 3.9
22.05	 -1.35	-	 2.0
23.05	 -0.66	-	 2.5
24.05	  0.41	-	 4.2
25.05	 -3.45	-	 7.2
26.05	 -2.38	-	 4.0
27.05	  0.68	-	 3.2
28.05	  1.89	-	 3.9
29.05	  1.98	-	 9.0
30.05	  2.95	-	 7.6
31.05	  3.66	-	 4.2
01.06	  2.34	-	 2.0
02.06	  2.00	-	 6.9
03.06	  1.76	-	 3.6
04.06	  2.36	-	 2.9
05.06	  2.47	-	 3.4
06.06	  3.25	-	 3.1
07.06	  2.70	-	 3.6
08.06	  2.88	-	 4.1
09.06	  2.50	-	 5.3
10.06	  2.36	-	 2.0
11.06	  3.60	-	 2.4
12.06	  5.26	-	 1.9
13.06	  6.59	-	 2.0
14.06	  8.20	-	 4.6
15.06	  7.41	-	 4.6
16.06	  3.71	-	 4.2
17.06	  3.10	-	 2.1
18.06	  3.75	-	 2.0
19.06	  6.37	-	 5.0
20.06	  6.05	-	 3.9
21.06	  6.36	-	 3.9
22.06	  9.78	-	 4.0
23.06	  7.60	-	 6.6
24.06	  6.38	-	 5.8
25.06	  6.39	-	 5.6
26.06	  7.84	-	 5.2
27.06	  5.28	-	 6.2
28.06	  5.21	-	 9.8
29.06	  6.09	-	 3.4
30.06	  5.58	-	 3.2
01.07	  6.39	-	 2.5
02.07	  7.59	-	 3.1
03.07	  6.80	-	 5.0
04.07	  7.53	-	 6.2
05.07	  5.70	-	 5.0
06.07	  6.05	-	 4.6
07.07	  5.71	-	 5.1
08.07	  6.65	-	 4.8
09.07	  7.41	-	 7.5
10.07	  6.95	-	 9.8
11.07	  6.85	-	 4.2
12.07	  5.66	-	 4.1
13.07	  6.32	-	 3.2
14.07	  6.95	-	 3.9
15.07	  8.99	-	 5.8
16.07	  7.25	-	 5.4
17.07	  6.81	-	 4.4
18.07	  8.05	-	 6.6
19.07	  9.79	-	 4.2
20.07	  8.80	-	 7.8
21.07	  7.28	-	 4.6
22.07	  8.55	-	 3.2
23.07	  6.32	-	 6.6
24.07	  5.96	-	 8.2
25.07	  8.61	-	 6.8
26.07	  7.03	-	 6.8
27.07	  4.92	-	 7.0
28.07	  4.91	-	 3.2
29.07	  6.36	-	 4.6
30.07	  6.60	-	 2.1
31.07	  5.80	-	 5.0
01.08	  3.90	-	 3.0
02.08	  5.51	-	 3.2
03.08	  6.77	-	 3.4
04.08	  6.67	-	 5.5
05.08	  7.14	-	 3.8
06.08	  7.91	-	 4.9
07.08	  7.21	-	 5.4
08.08	  7.04	-	 3.5
09.08	  8.54	-	 5.5
10.08	  5.28	-	 3.9
11.08	  3.48	-	 5.8
12.08	  4.41	-	 4.8
13.08	  6.12	-	 3.1
14.08	  5.29	-	 2.6
15.08	  8.29	-	 3.8
16.08	  9.28	-	 2.1
17.08	 13.71	-	 4.0
18.08	 13.65	-	 6.9
19.08	 10.40	-	 3.1
20.08	  8.94	-	 2.4
21.08	  6.69	-	 1.8
22.08	  6.96	-	 2.9
23.08	  7.49	-	 2.0
24.08	  7.51	-	 5.9
25.08	  7.09	-	 3.5
26.08	  6.15	-	 1.8
27.08	  5.59	-	 2.5
28.08	  4.40	-	 2.4
29.08	  4.06	-	 3.2
30.08	  4.55	-	 3.6
31.08	  4.04	-	 2.8
01.09	  6.46	-	 4.1
02.09	  6.04	-	 5.1
03.09	  6.12	-	 2.4
04.09	  6.82	-	 3.1
05.09	  7.66	-	 3.0
06.09	  5.24	-	 3.1
07.09	  6.09	-	 7.6
08.09	  7.36	-	 4.1
09.09	  6.36	-	 1.2
10.09	  6.40	-	 2.6
11.09	  5.57	-	 2.3
12.09	  4.91	-	 2.8
13.09	  1.73	-	 7.6
14.09	  3.64	-	 7.2
15.09	  4.55	-	 2.0
16.09	  4.29	-	 5.4
17.09	  1.74	-	 5.5
18.09	  1.83	-	 2.8
19.09	  5.05	-	 4.0
20.09	  4.08	-	 3.1
21.09	  3.16	-	 3.9
22.09	  5.64	-	 5.6
23.09	  3.96	-	 1.6
24.09	  2.44	-	 1.4
25.09	  4.61	-	 3.9
26.09	  4.49	-	 3.1
27.09	  3.19	-	 1.9
28.09	  2.29	-	 2.0
29.09	  0.19	-	 2.9
30.09	 -0.53	-	 3.4
01.10	 -0.15	-	 4.6
02.10	  2.25	-	 2.1
03.10	  1.45	-	 9.2
04.10	 -0.76	-	 9.5
05.10	 -1.66	-	 5.2
06.10	 -3.47	-	 3.7
07.10	 -6.66	-	 3.8
08.10	 -6.80	-	 4.2
09.10	 -6.26	-	 3.9
10.10	 -5.55	-	 8.5
11.10	 -5.00	-	 5.2
12.10	 -4.45	-	 2.1
13.10	 -3.89	-	 2.8
14.10	 -1.54	-	 9.1
15.10	  0.70	-	 4.6
16.10	 -1.85	-	 8.1
17.10	 -5.95	 1.0	 3.4
18.10	 -9.05	-	 5.2
19.10	 -3.44	 1.0	 7.8
20.10	 -0.26	 1.0	 9.2
21.10	 -0.76	 1.0	 6.0
22.10	 -3.37	 1.0	 4.1
23.10	 -0.47	 1.0	 7.4
24.10	  2.81	-	 8.5
25.10	 -1.27	-	 7.1
26.10	 -1.10	-	 3.9
27.10	 -0.53	-	 2.2
28.10	  1.46	-	 2.8
29.10	  1.62	-	 2.6
30.10	 -4.43	 3.0	 9.2
31.10	-11.69	-	 6.1
01.11	-11.53	-	 3.6
02.11	-12.34	-	 4.9
03.11	 -9.61	-	 3.9
04.11	 -4.79	-	 4.1
05.11	  3.42	-	 4.8
06.11	  3.80	-	 5.6
07.11	  2.56	-	 4.9
08.11	 -3.30	 2.0	 6.0
09.11	 -4.93	-	 3.0
10.11	 -6.24	-	 8.5
11.11	 -6.71	 5.0	 7.5
12.11	 -0.41	-	 8.2
13.11	-11.76	-	 7.8
14.11	-13.95	-	 5.1
15.11	-12.51	 5.0	 4.0
16.11	 -5.33	13.0	 3.7
17.11	 -8.44	-	 5.2
18.11	-11.26	-	 5.2
19.11	-10.34	-	 4.4
20.11	 -5.17	-	 3.0
21.11	  0.65	12.0	 6.5
22.11	  3.30	 9.0	 8.5
23.11	  1.31	10.0	 8.8
24.11	 -0.07	10.0	 7.4
25.11	 -8.15	-	 4.5
26.11	-10.10	10.0	 2.6
27.11	-14.39	10.0	 4.6
28.11	-14.38	10.0	 3.2
29.11	 -7.49	10.0	 7.6
30.11	 -3.83	-	14.0
01.12	 -3.29	13.0	 6.0
02.12	 -6.89	-	 6.5
03.12	 -8.97	-	 3.7
04.12	-10.68	-	 7.0
05.12	-15.67	18.0	 5.6
06.12	-11.29	13.0	 7.9
07.12	 -4.66	-	 6.1
08.12	 -1.83	13.0	 6.2
09.12	 -4.35	15.0	 5.6
10.12	 -9.19	15.0	 4.8
11.12	 -9.00	15.0	 6.4
12.12	 -5.47	13.0	 4.9
13.12	 -5.75	15.0	 6.2
14.12	 -4.70	15.0	 6.4
15.12	 -7.47	-	11.9
16.12	 -1.18	-	 9.5
17.12	 -1.85	-	 5.8
18.12	 -4.04	-	 2.0
19.12	 -3.71	10.0	 4.8
20.12	 -6.03	10.0	 3.5
21.12	 -9.90	-	 4.2
22.12	 -2.31	-	 7.8
23.12	  0.99	-	13.2
24.12	  1.54	-	 8.4
25.12	 -1.88	-	 5.2
26.12	 -0.74	 9.0	 8.5
27.12	 -5.15	 9.0	 4.9
28.12	-12.43	 9.0	 6.5
29.12	-15.66	 9.0	 4.5
30.12	-17.72	 8.0	 7.4
31.12	-13.64	 8.0	 3.6
