01.01	 -4.55	 4.0	 5.7
02.01	 -4.40	18.0	 3.3
03.01	 -4.77	18.0	 4.3
04.01	 -5.45	16.0	 9.3
05.01	-13.53	15.0	11.4
06.01	-14.31	 4.0	 8.5
07.01	-14.47	 4.0	 6.7
08.01	-14.94	-	 6.7
09.01	 -7.20	 4.0	 6.8
10.01	 -0.82	 6.0	 5.0
11.01	 -0.42	-	 7.4
12.01	 -0.48	 6.0	 6.2
13.01	 -0.89	 4.0	 6.0
14.01	 -8.15	 4.0	 3.2
15.01	 -0.93	 4.0	 4.7
16.01	  1.10	 4.0	 6.7
17.01	  0.07	 4.0	 6.6
18.01	 -1.31	 8.0	 9.5
19.01	 -9.62	10.0	 5.2
20.01	 -2.93	10.0	 4.9
21.01	 -3.49	12.0	 7.1
22.01	 -0.53	12.0	 3.7
23.01	  1.83	 8.0	 5.5
24.01	 -1.35	 6.0	 3.3
25.01	 -1.54	 6.0	 4.6
26.01	 -1.80	 6.0	 7.7
27.01	 -4.23	 6.0	 5.6
28.01	 -3.56	 5.0	 5.3
29.01	 -3.26	 5.0	 4.8
30.01	 -2.03	 5.0	 4.9
31.01	  0.02	-	 4.3
01.02	 -3.45	 5.0	 4.8
02.02	 -1.48	-	 9.0
03.02	 -0.00	 5.0	 6.8
04.02	 -2.66	 5.0	 2.2
05.02	 -0.51	 5.0	 5.8
06.02	 -0.81	 5.0	 6.9
07.02	 -0.32	 5.0	 9.0
08.02	 -0.71	 5.0	 8.4
09.02	  0.37	 5.0	 9.0
10.02	  1.26	 5.0	 6.4
11.02	  2.02	-	 4.4
12.02	  3.65	 5.0	 7.8
13.02	  0.67	 4.0	 8.7
14.02	  0.19	 4.0	 8.8
15.02	 -0.24	 4.0	 5.9
16.02	 -1.45	 3.0	 3.0
17.02	 -0.33	 3.0	 5.6
18.02	 -3.01	 3.0	 7.7
19.02	 -6.11	 3.0	 4.5
20.02	 -1.82	 3.0	 7.0
21.02	 -0.54	 3.0	 6.6
22.02	 -2.61	 3.0	 5.9
23.02	 -3.59	 3.0	 5.1
24.02	 -2.21	 3.0	 7.8
25.02	 -1.81	 3.0	 4.1
26.02	 -4.95	 3.0	 6.8
27.02	 -8.36	 5.0	 5.8
28.02	 -9.21	 6.0	 5.2
01.03	-13.53	 6.0	 6.0
02.03	 -6.95	 6.0	 8.0
03.03	 -2.49	 4.0	 6.1
04.03	 -6.91	 7.0	 2.8
05.03	 -3.63	 8.0	 4.5
06.03	 -0.26	 4.0	10.3
07.03	  1.00	 4.0	 7.9
08.03	  0.64	 4.0	 5.8
09.03	 -1.43	13.0	 4.7
10.03	 -3.97	10.0	 4.8
11.03	 -5.01	 8.0	 6.4
12.03	-11.67	 8.0	 7.2
13.03	-13.13	10.0	 6.1
14.03	-11.71	10.0	 7.3
15.03	-13.47	10.0	 6.4
16.03	-15.17	10.0	 3.4
17.03	 -9.85	 8.0	 6.8
18.03	 -8.65	 7.0	 7.0
19.03	-12.38	 7.0	 3.6
20.03	-11.38	 7.0	 3.5
21.03	 -9.60	 7.0	 5.2
22.03	-15.12	 7.0	 4.1
23.03	-12.25	 7.0	 5.4
24.03	-11.85	 7.0	 5.3
25.03	 -9.22	 6.0	 5.8
26.03	-12.38	20.0	 6.6
27.03	 -6.80	15.0	 4.9
28.03	 -4.90	-	11.1
29.03	-10.84	15.0	 7.7
30.03	-12.37	15.0	 3.7
31.03	-11.15	10.0	 5.0
01.04	-14.52	10.0	 3.5
02.04	-13.34	10.0	 4.1
03.04	-12.37	10.0	 4.6
04.04	-11.78	10.0	 4.3
05.04	-13.15	10.0	 5.1
06.04	-14.55	10.0	 3.7
07.04	-15.32	10.0	 4.3
08.04	-10.37	10.0	 2.8
09.04	 -2.38	12.0	 3.6
10.04	 -1.78	10.0	 6.3
11.04	 -7.86	10.0	 5.6
12.04	-13.75	10.0	 3.7
13.04	-14.80	10.0	 6.7
14.04	-13.19	10.0	 3.9
15.04	 -7.38	10.0	 4.9
16.04	 -3.57	10.0	 7.8
17.04	 -7.04	10.0	 7.5
18.04	-11.42	-	 4.5
19.04	-10.99	10.0	 4.7
20.04	 -6.51	10.0	 3.4
21.04	 -5.38	12.0	 3.2
22.04	-10.50	11.0	 4.5
23.04	 -7.91	10.0	 3.9
24.04	 -8.77	10.0	 4.5
25.04	 -8.76	10.0	 3.7
26.04	 -9.05	10.0	 2.1
27.04	 -9.41	10.0	 3.9
28.04	 -9.14	 9.0	 8.7
29.04	 -8.30	 9.0	 3.6
30.04	 -7.07	 9.0	 5.2
01.05	 -6.68	 9.0	 5.0
02.05	 -7.30	 9.0	 6.8
03.05	 -7.73	 8.0	 3.0
04.05	 -6.28	 8.0	 2.3
05.05	 -2.08	 8.0	 5.0
06.05	  1.26	 6.0	 5.6
07.05	  1.79	 5.0	 6.5
08.05	 -0.31	 4.0	 8.1
09.05	 -2.87	11.0	 2.5
10.05	 -5.12	11.0	 4.3
11.05	 -8.19	11.0	 3.8
12.05	 -8.71	 9.0	 5.4
13.05	 -7.69	 6.0	 5.3
14.05	 -7.01	 6.0	 4.6
15.05	 -7.09	 6.0	 3.9
16.05	  0.19	 5.0	 4.2
17.05	  0.09	 5.0	 6.6
18.05	 -1.81	 5.0	 2.5
19.05	 -1.20	 6.0	 2.7
20.05	 -1.25	 6.0	 3.2
21.05	 -1.83	 5.0	 8.6
22.05	 -1.10	-	 5.3
23.05	  0.88	-	 1.6
24.05	  0.85	-	 2.1
25.05	  0.87	-	 4.2
26.05	  1.99	-	 5.7
27.05	  3.10	-	 7.2
28.05	  3.12	-	 4.6
29.05	  3.63	-	 4.6
30.05	  2.67	-	 3.1
31.05	  1.78	-	 3.5
01.06	  0.77	-	 2.3
02.06	  1.71	-	 4.3
03.06	  1.58	-	 3.6
04.06	  3.09	-	 2.2
05.06	  3.69	-	 3.0
06.06	  4.99	-	 4.1
07.06	  3.48	-	 3.1
08.06	  4.97	-	 4.8
09.06	  3.47	-	 2.4
10.06	  4.40	-	 3.8
11.06	  3.45	-	 5.0
12.06	  3.52	-	 3.0
13.06	  2.58	-	 5.8
14.06	  1.62	-	 7.9
15.06	  0.17	-	 7.2
16.06	  3.28	-	 2.5
17.06	  1.83	-	 4.9
06.08	  8.61	-	 5.8
07.08	  7.36	-	 2.7
08.08	  6.58	-	 3.9
09.08	  6.38	-	 5.1
10.08	  6.54	-	 2.4
11.08	  7.14	-	 4.7
12.08	  7.84	-	 5.0
13.08	  8.27	-	 3.0
14.08	  7.24	-	 3.4
15.08	  6.91	-	 3.6
16.08	  6.43	-	 3.6
17.08	  5.70	-	 2.1
18.08	  7.46	-	 3.0
19.08	  5.77	-	 2.5
20.08	  4.64	-	 2.2
21.08	  5.77	-	 2.5
22.08	  6.99	-	 3.5
23.08	  6.41	-	 2.5
24.08	  5.91	-	 2.8
25.08	  5.01	-	 2.5
26.08	  5.09	-	 2.5
27.08	  4.00	-	 2.7
28.08	  7.12	-	 4.5
29.08	  3.34	-	10.3
30.08	  3.52	-	 5.2
31.08	  2.75	-	 6.8
01.09	  2.69	-	 3.0
02.09	  3.03	-	 5.8
03.09	  3.16	-	10.5
04.09	  3.90	-	 6.4
05.09	  4.15	-	 2.6
06.09	  5.01	-	 2.8
07.09	  1.28	-	 4.3
08.09	  0.66	-	 3.5
09.09	  2.18	-	 3.4
10.09	  1.96	-	 3.4
11.09	  1.88	-	 3.1
12.09	  3.75	-	 4.4
13.09	  6.17	-	 6.8
14.09	  1.12	-	10.8
15.09	  1.94	-	 2.2
16.09	  5.67	-	 3.7
17.09	  0.71	-	11.6
18.09	 -0.71	-	12.3
19.09	 -1.03	-	 7.9
20.09	 -1.13	-	 4.9
21.09	 -2.15	-	 2.0
22.09	 -0.96	-	 4.8
23.09	  2.24	-	 5.5
24.09	  3.89	-	 5.0
25.09	  2.06	-	 5.4
26.09	  1.40	-	 4.3
27.09	  1.19	-	 2.7
28.09	 -0.49	-	 2.5
29.09	 -1.29	-	 2.9
30.09	 -3.63	-	 6.0
01.10	 -2.91	-	 5.4
02.10	  2.67	-	 5.1
03.10	  4.04	-	 5.6
04.10	  5.78	-	 8.6
05.10	  3.30	-	 3.8
06.10	  0.92	 1.0	 8.3
07.10	 -1.86	 1.0	 5.1
08.10	 -4.50	 1.0	 4.2
09.10	 -2.72	 1.0	 2.8
10.10	 -2.52	 5.0	 3.1
11.10	 -2.49	 5.0	 2.9
12.10	 -2.82	 5.0	 4.8
13.10	 -6.83	 5.0	 4.8
14.10	 -7.81	 5.0	 5.0
15.10	-10.33	 5.0	 5.0
16.10	 -6.93	 5.0	 7.5
17.10	 -6.93	 6.0	 3.5
18.10	 -8.06	 6.0	 4.3
19.10	 -5.80	 6.0	 4.3
20.10	 -3.89	 6.0	 3.9
21.10	 -3.74	 6.0	 4.6
22.10	  0.33	 5.0	 3.4
23.10	  3.06	 5.0	 5.5
24.10	  3.69	 3.0	 8.0
25.10	  4.37	 3.0	 8.6
26.10	  3.20	-	 8.9
27.10	  2.09	-	 7.9
28.10	  0.93	-	10.6
29.10	 -2.13	-	 7.8
30.10	 -4.57	-	 4.0
31.10	 -5.01	-	 3.6
01.11	 -5.16	-	 3.0
02.11	 -9.22	-	 6.1
03.11	-13.07	 5.0	 6.1
04.11	-14.12	 5.0	 6.1
05.11	 -9.30	 6.0	 3.9
06.11	-11.49	 5.0	 5.6
07.11	 -5.42	 6.0	 9.4
08.11	 -6.50	 6.0	 5.0
09.11	 -9.36	 6.0	 3.8
10.11	-11.48	 7.0	 4.8
11.11	-11.52	 7.0	 5.3
12.11	-13.87	 7.0	 2.8
13.11	-11.91	 9.0	 3.0
14.11	 -9.10	10.0	 3.7
15.11	 -1.42	12.0	11.3
16.11	 -8.80	11.0	 4.0
17.11	 -4.20	 9.0	 4.8
18.11	 -2.88	 9.0	 5.3
19.11	 -7.53	11.0	 4.3
20.11	-11.09	13.0	 5.5
21.11	 -5.45	-	 4.3
22.11	  0.90	13.0	 4.2
23.11	  2.77	11.0	10.2
24.11	 -4.28	 6.0	 4.2
25.11	 -1.09	-	 2.0
26.11	  0.37	-	 4.4
27.11	  2.18	 5.0	 5.8
28.11	 -2.11	 5.0	 6.1
29.11	 -5.97	 5.0	 4.7
30.11	 -2.78	 5.0	 3.5
01.12	 -2.24	 5.0	 7.1
02.12	 -3.09	 3.0	11.6
03.12	-11.11	 3.0	14.4
04.12	-10.59	 3.0	 9.8
05.12	 -8.94	 3.0	11.2
06.12	 -7.90	 3.0	 9.2
07.12	 -5.22	 3.0	 3.7
08.12	 -6.57	 5.0	 6.8
09.12	 -8.58	 5.0	 4.0
10.12	 -8.13	 7.0	 3.8
11.12	 -6.32	 5.0	 6.9
12.12	 -5.97	15.0	 5.2
13.12	 -8.15	17.0	 7.1
14.12	 -8.16	 8.0	 5.4
15.12	 -6.31	20.0	 5.0
16.12	 -6.40	15.0	 8.5
17.12	 -6.32	16.0	 7.8
18.12	 -8.46	12.0	 5.9
19.12	-12.78	12.0	 5.0
20.12	-12.93	12.0	 5.2
21.12	-13.68	12.0	 4.2
22.12	-15.82	12.0	 5.3
23.12	-16.57	12.0	 5.0
24.12	-17.40	12.0	 7.0
25.12	-17.60	12.0	 8.2
26.12	-16.68	12.0	 5.5
27.12	-17.75	12.0	 5.3
28.12	-11.55	12.0	 8.5
29.12	 -7.28	 7.0	10.9
30.12	 -6.22	 7.0	11.0
31.12	 -3.40	 8.0	 4.5
