01.01	 -0.60	24.0
02.01	  0.64	21.0
03.01	 -0.76	15.0
04.01	 -0.85	16.0
05.01	 -6.50	16.0
06.01	 -8.40	16.0
07.01	 -5.72	16.0
08.01	 -3.24	19.0
09.01	 -4.76	20.0
10.01	 -4.05	19.0
11.01	 -1.40	19.0
12.01	 -5.44	19.0
13.01	 -5.90	24.0
14.01	 -3.43	23.0
15.01	  1.93	22.0
16.01	  0.85	20.0
17.01	  1.91	19.0
18.01	  1.54	19.0
19.01	 -1.49	18.0
20.01	 -3.85	18.0
21.01	 -5.05	18.0
22.01	 -6.21	19.0
23.01	 -7.39	18.0
24.01	 -5.45	18.0
25.01	 -3.10	18.0
26.01	 -2.76	18.0
27.01	 -2.58	18.0
28.01	 -4.90	18.0
29.01	 -6.91	18.0
30.01	 -7.34	18.0
31.01	 -5.26	18.0
01.02	 -2.48	18.0
02.02	 -6.14	18.0
03.02	 -6.34	18.0
04.02	 -7.49	18.0
05.02	-12.86	18.0
06.02	-16.51	18.0
07.02	 -6.35	18.0
08.02	  2.80	18.0
09.02	  3.31	18.0
10.02	  3.80	17.0
11.02	  1.39	13.0
12.02	 -1.57	34.0
13.02	 -2.86	33.0
14.02	 -2.38	33.0
15.02	 -4.35	28.0
16.02	 -2.77	28.0
17.02	 -0.81	28.0
18.02	 -0.62	28.0
19.02	 -0.71	31.0
20.02	 -2.90	31.0
21.02	 -1.72	53.0
22.02	 -2.73	52.0
23.02	 -2.80	52.0
24.02	 -4.25	53.0
25.02	 -3.71	55.0
26.02	 -2.10	62.0
27.02	 -0.94	58.0
28.02	 -0.11	58.0
29.02	 -0.05	63.0
01.03	  1.80	62.0
02.03	  0.02	57.0
03.03	 -1.62	56.0
04.03	 -2.74	54.0
05.03	 -2.77	54.0
06.03	 -3.51	53.0
07.03	 -2.11	53.0
08.03	  0.74	53.0
09.03	  2.30	54.0
10.03	  1.11	58.0
11.03	  0.14	74.0
12.03	 -0.11	85.0
13.03	 -1.44	90.0
14.03	 -0.65	94.0
15.03	  2.51	91.0
16.03	  2.02	76.0
17.03	 -1.65	75.0
18.03	  0.05	77.0
19.03	  0.04	74.0
20.03	 -2.19	72.0
21.03	 -4.62	72.0
22.03	  0.69	74.0
23.03	  1.64	70.0
24.03	  0.57	73.0
25.03	 -0.29	87.0
26.03	  0.53	89.0
27.03	  2.98	84.0
28.03	  2.51	71.0
29.03	 -0.32	69.0
30.03	 -3.26	69.0
31.03	 -2.76	76.0
01.04	 -3.33	75.0
02.04	 -5.08	74.0
03.04	 -3.88	74.0
04.04	 -1.91	100.0
05.04	 -2.28	107.0
06.04	 -3.45	109.0
07.04	 -0.71	134.0
08.04	 -1.38	113.0
09.04	 -1.88	106.0
10.04	 -0.46	104.0
11.04	  0.40	102.0
12.04	  1.24	104.0
13.04	  0.45	99.0
14.04	  0.17	98.0
15.04	 -1.15	97.0
16.04	 -0.06	97.0
17.04	  0.54	96.0
18.04	 -0.51	96.0
19.04	 -0.25	96.0
20.04	  0.17	95.0
21.04	  1.82	94.0
22.04	  1.82	92.0
23.04	  1.92	90.0
24.04	  2.61	86.0
25.04	  4.49	84.0
26.04	  6.65	79.0
27.04	  6.19	74.0
28.04	  2.89	70.0
29.04	  2.43	68.0
30.04	  2.25	65.0
01.05	 -0.21	68.0
02.05	  1.79	64.0
03.05	  0.36	64.0
04.05	  1.30	61.0
05.05	  2.49	61.0
06.05	  1.65	58.0
07.05	  2.21	56.0
08.05	  2.73	51.0
09.05	  5.52	48.0
10.05	  4.25	43.0
11.05	  2.60	37.0
12.05	  0.44	39.0
13.05	  2.66	38.0
14.05	  5.86	36.0
15.05	  8.36	28.0
16.05	  9.79	22.0
17.05	  8.54	16.0
18.05	  6.21	 7.0
19.05	  4.69	 6.0
20.05	  3.71	 7.0
21.05	  3.02	 7.0
22.05	  4.34	 6.0
23.05	  6.79	 2.0
24.05	  7.66	 1.0
25.05	  8.84	 1.0
26.05	  6.86
27.05	  8.24
28.05	  1.46	 5.0
29.05	  1.88	 8.0
30.05	  1.95	 7.0
31.05	  3.66	 3.0
01.06	  6.16
02.06	  7.80
03.06	 10.64
04.06	 12.72	 1.0
05.06	 12.06
06.06	  9.00
07.06	  4.65
08.06	  5.55	 1.0
09.06	  5.53	 1.0
10.06	  8.86
11.06	  8.06	 2.0
12.06	  7.84	 3.0
13.06	  7.42	 4.0
14.06	  7.91	 2.0
15.06	  7.29	 4.0
16.06	 10.57	 4.0
17.06	 14.23	 7.0
18.06	 14.12	 7.0
19.06	  9.56	43.0
20.06	  7.16	10.0
21.06	  6.28	11.0
22.06	  8.11	10.0
23.06	 10.94
24.06	 11.44
25.06	  9.38
26.06	  5.49	 3.0
27.06	  6.86
28.06	  6.48	 2.0
29.06	  8.42	 3.0
30.06	 11.75	 4.0
01.07	 14.28	51.0
02.07	 10.41	51.0
03.07	  6.99
04.07	  8.35
05.07	 15.15
06.07	 10.44
07.07	  9.04
08.07	  8.30
09.07	  7.40
10.07	  9.28
11.07	 10.91
12.07	 13.51
13.07	 18.11
14.07	 16.17
15.07	 11.99
16.07	 10.61
17.07	 11.19
18.07	 10.53
19.07	 10.09
20.07	  8.80
21.07	  7.64
22.07	  8.38
23.07	 11.16
24.07	 11.47
25.07	 10.20
26.07	  8.72
27.07	  9.62
28.07	  9.29
29.07	 10.74
30.07	 12.22
31.07	 12.04
01.08	 13.10
02.08	 11.38
03.08	  9.24
04.08	  8.30
05.08	  8.49
06.08	  8.25
07.08	  9.39
08.08	  9.02
09.08	 10.08
10.08	 11.17
11.08	 10.60
12.08	 12.24
13.08	 12.88
14.08	  8.54
15.08	  6.05
16.08	  7.84
17.08	 10.25
18.08	  9.21
19.08	  8.78
20.08	  9.47
21.08	  8.17
22.08	  6.66
23.08	  5.74
24.08	  7.80
25.08	 10.20
26.08	  7.36
27.08	  6.05
28.08	  6.84
29.08	 14.05
30.08	 14.53
31.08	 12.31
01.09	 10.22
02.09	 13.17
03.09	  9.96
04.09	 10.70
05.09	  8.94
06.09	  6.79
07.09	  4.47
08.09	  4.14
09.09	  5.16
10.09	  6.96
11.09	 11.39
12.09	  9.44
13.09	  6.17
14.09	  8.70
15.09	  7.86
16.09	  7.88
17.09	  9.55
18.09	  7.79
19.09	  7.11
20.09	  5.06
21.09	  5.80
22.09	  5.10
23.09	  6.15
24.09	  6.44
25.09	  4.51
26.09	  5.41
27.09	  4.09
28.09	  4.67
29.09	  5.89
30.09	  5.91
01.10	  5.76
02.10	  5.11
03.10	  6.01
04.10	  6.22
05.10	  7.64
06.10	  7.96
07.10	  7.47
08.10	  7.10
09.10	  5.85
10.10	  4.28
11.10	  4.62
12.10	  3.97
13.10	  4.91
14.10	  4.20
15.10	  0.36
16.10	  0.71
17.10	  0.16
18.10	  0.19
19.10	  1.33
20.10	  1.21	 2.0
21.10	  1.76	 3.0
22.10	  3.28
23.10	  2.14
24.10	 -0.30	 8.0
25.10	 -2.36	13.0
26.10	  1.08	29.0
27.10	  0.14	31.0
28.10	 -0.39	31.0
29.10	 -3.72	29.0
30.10	 -4.90
31.10	  0.74	27.0
01.11	 -3.55	26.0
02.11	  2.23	26.0
03.11	  3.59	22.0
04.11	  2.00	20.0
05.11	  2.61	17.0
06.11	  2.99	14.0
07.11	  0.24	16.0
08.11	 -0.19	28.0
09.11	 -2.40	30.0
10.11	 -1.06	29.0
11.11	  0.89	26.0
12.11	  0.84	25.0
13.11	 -0.10	26.0
14.11	  0.09	28.0
15.11	  2.88	22.0
16.11	  3.44	20.0
17.11	  2.59	17.0
18.11	  1.74	16.0
19.11	  2.47	16.0
20.11	  0.50	15.0
21.11	  2.08	15.0
22.11	  5.46	10.0
23.11	  2.91	 7.0
24.11	  4.47	 6.0
25.11	  0.59	 6.0
26.11	 -2.06	 5.0
27.11	 -1.10	42.0
28.11	 -2.14	 6.0
29.11	 -3.27	 6.0
30.11	 -3.49	 6.0
01.12	 -6.42	 7.0
02.12	 -8.58	 7.0
03.12	 -3.96	 7.0
04.12	 -4.42	 7.0
05.12	 -6.39	 7.0
06.12	 -7.46	 7.0
07.12	 -5.39	 7.0
08.12	 -3.00	 7.0
09.12	 -3.10	 7.0
10.12	 -5.48	 8.0
11.12	 -3.44	 8.0
12.12	 -3.19	 9.0
13.12	 -3.45	 8.0
14.12	 -2.80	 9.0
15.12	 -1.23	 7.0
16.12	 -2.30	 8.0
17.12	 -2.43	 8.0
18.12	 -2.42	 8.0
19.12	 -2.84	 8.0
20.12	 -3.95	 8.0
21.12	 -3.77	 8.0
22.12	 -2.26	 8.0
23.12	 -4.44	 8.0
24.12	 -5.52	 8.0
25.12	 -6.85	 8.0
26.12	 -4.98	 9.0
27.12	 -6.02	 9.0
28.12	 -3.43	18.0
29.12	 -0.75	17.0
30.12	  0.59	15.0
31.12	  1.05	14.0
