01.01	 -0.77	64.0
02.01	 -3.23	68.0
03.01	 -8.84	69.0
04.01	 -8.69	64.0
05.01	-10.12	65.0
06.01	 -9.04	60.0
07.01	 -6.14
08.01	 -5.70	57.0
09.01	 -7.20	56.0
10.01	 -6.26	55.0
11.01	 -2.44	62.0
12.01	 -6.45	66.0
13.01	 -9.61	66.0
14.01	 -7.09	62.0
15.01	 -4.51	61.0
16.01	 -4.14	61.0
17.01	 -1.97	58.0
18.01	  1.04	58.0
19.01	  1.19	56.0
20.01	  1.09	56.0
21.01	  2.29	56.0
22.01	 -1.57	55.0
23.01	 -1.62	74.0
24.01	 -5.99	84.0
25.01	 -5.05	77.0
26.01	 -1.74	72.0
27.01	  1.31	79.0
28.01	  0.66	80.0
29.01	 -3.43	80.0
30.01	 -2.04	87.0
31.01	  1.23	89.0
01.02	 -0.36	81.0
02.02	 -2.59	84.0
03.02	 -3.74	81.0
04.02	 -5.06	79.0
05.02	 -8.24	75.0
06.02	 -9.78	74.0
07.02	 -6.66	75.0
08.02	 -6.64	74.0
09.02	 -5.85	81.0
10.02	 -6.55	87.0
11.02	 -0.70	105.0
12.02	 -3.96	109.0
13.02	 -5.91	110.0
14.02	 -9.31	110.0
15.02	 -9.80	104.0
16.02	 -8.65	101.0
17.02	 -9.40	98.0
18.02	 -6.09	95.0
19.02	 -1.64	94.0
20.02	 -2.05	94.0
21.02	 -2.77	94.0
22.02	 -1.93	91.0
23.02	 -3.57	91.0
24.02	 -8.99	90.0
25.02	  0.86	85.0
26.02	  5.21	82.0
27.02	  4.23	77.0
28.02	  0.62	76.0
01.03	  3.07	76.0
02.03	  2.27	78.0
03.03	 -0.15	74.0
04.03	 -0.35	82.0
05.03	 -3.08	103.0
06.03	 -3.00	104.0
07.03	  0.45	99.0
08.03	  3.22	96.0
09.03	  1.59	85.0
10.03	 -0.41	85.0
11.03	 -3.12	85.0
12.03	 -3.56	85.0
13.03	 -2.52	85.0
14.03	 -3.29	93.0
15.03	  0.14	91.0
16.03	  4.60	86.0
17.03	  2.76	81.0
18.03	 -0.73
19.03	 -0.71	81.0
20.03	  2.45	81.0
21.03	  0.34	79.0
22.03	 -2.03	89.0
23.03	 -4.60	90.0
24.03	 -6.75	101.0
25.03	 -4.24	113.0
26.03	 -3.40	120.0
27.03	 -3.48	130.0
28.03	 -5.09	124.0
29.03	 -5.85	119.0
30.03	 -3.90	115.0
31.03	 -1.18	130.0
01.04	 -1.65	123.0
02.04	  1.45	119.0
03.04	  4.19
04.04	  4.21	92.0
05.04	  1.84
06.04	  3.15	86.0
07.04	  4.19	86.0
08.04	  3.62	85.0
09.04	  1.25	84.0
10.04	  1.77	88.0
11.04	  4.79	82.0
12.04	  4.50	79.0
13.04	  4.04	77.0
14.04	  4.12	72.0
15.04	  4.03	67.0
16.04	  1.49	60.0
17.04	  0.79	71.0
18.04	  0.36	72.0
19.04	  2.51	76.0
20.04	  3.08
21.04	  2.87
22.04	  3.56	65.0
23.04	  4.36	60.0
24.04	  6.60	58.0
25.04	  6.32	48.0
26.04	  3.60	45.0
27.04	  1.15	43.0
28.04	  3.15	42.0
29.04	  3.33	38.0
30.04	  3.24	35.0
01.05	  2.81	32.0
02.05	  3.39	29.0
03.05	  2.29	26.0
04.05	  3.03	22.0
05.05	  4.41	17.0
06.05	  4.71	15.0
07.05	  4.09	 9.0
08.05	  5.36
09.05	  4.88
10.05	  3.34
11.05	  5.82
12.05	  6.84
13.05	  8.45
14.05	 10.14
15.05	  9.41
16.05	  9.03
17.05	  6.40
18.05	  5.43
19.05	  7.88
20.05	  6.20
21.05	  8.75
22.05	  9.49
23.05	  9.21
24.05	  9.33
25.05	  7.28
26.05	  1.70
27.05	  5.56
28.05	  9.61
29.05	 11.36
30.05	  8.62
31.05	 10.31
01.06	  8.35
02.06	  9.16
03.06	  9.35
04.06	  6.00
05.06	  6.21
06.06	 10.70
07.06	  8.76
08.06	  8.61
09.06	 12.91
10.06	 15.82
11.06	 13.78
12.06	 13.75
13.06	 13.01
14.06	 13.35
15.06	 14.54
16.06	 11.38
17.06	 10.11
18.06	 14.06
19.06	 15.20
20.06	 13.49
21.06	 11.11
22.06	 11.88
23.06	  9.98
24.06	 11.66
25.06	 10.19
26.06	 10.88
27.06	 11.56
28.06	 13.10
29.06	 12.40
30.06	  9.33
01.07	 10.10
02.07	  9.30
03.07	  9.73
04.07	 10.46
05.07	 10.09
06.07	  9.85
07.07	  9.96
08.07	 12.47
09.07	 20.20
10.07	 14.45
11.07	  9.29
12.07	  8.42
13.07	  8.29
14.07	  7.83
15.07	  7.85
16.07	  9.14
17.07	  9.61
18.07	 13.39
19.07	 16.35
20.07	 13.53
21.07	 10.06
22.07	 10.26
23.07	 10.05
24.07	 12.84
25.07	 12.40
26.07	 15.35
27.07	 11.79
28.07	 12.11
29.07	 12.61
30.07	 10.74
31.07	  8.45
01.08	 17.93
02.08	 13.44
03.08	 10.96
04.08	  9.41
05.08	  9.54
06.08	  8.19
07.08	  8.16
08.08	 10.64
09.08	 10.05
10.08	  7.50
11.08	  7.22
12.08	  8.45
13.08	  9.78
14.08	 13.83
15.08	 16.30
16.08	 17.69
17.08	 18.30
18.08	 16.09
19.08	 15.21
20.08	 13.81
21.08	 14.79
22.08	 14.85
23.08	 13.05
24.08	 12.05
25.08	 11.93
26.08	 12.44
27.08	 13.55
28.08	 11.76
29.08	 10.35
30.08	  8.41
31.08	 10.64
01.09	 10.45
02.09	  9.84
03.09	 12.39
04.09	 12.59
05.09	 13.43
06.09	 12.86
07.09	 13.61
08.09	 13.30
09.09	 12.81
10.09	 11.56
11.09	 10.71
12.09	  8.36
13.09	 11.03
14.09	  8.96
15.09	  8.90
16.09	  7.41
17.09	  7.21
18.09	  7.98
19.09	  8.95
20.09	 10.78
21.09	  9.36
22.09	  8.43
23.09	  6.76
24.09	  6.42
25.09	  7.79
26.09	 10.88
27.09	  9.29
28.09	  9.69
29.09	  9.72
30.09	  7.51
01.10	  7.71
02.10	  8.10
03.10	  7.76
04.10	  6.77
05.10	  6.82
06.10	  6.70
07.10	  6.06
08.10	  2.25
09.10	  2.27
10.10	  5.31
11.10	  3.94
12.10	  4.25
13.10	  2.07
14.10	  4.50
15.10	  9.49
16.10	  8.79
17.10	  7.26
18.10	  6.29
19.10	  5.46
20.10	  5.10
21.10	  4.17
22.10	  1.57
23.10	  4.24
24.10	  8.35
25.10	 10.21
26.10	  5.10
27.10	  5.41
28.10	  4.89
29.10	  5.78
30.10	  7.54
31.10	  3.74
01.11	  4.45
02.11	  6.45
03.11	  3.00
06.11	  9.20
07.11	  5.80
08.11	  4.70
09.11	  6.12
10.11	  7.87
11.11	  8.26
12.11	  7.30
13.11	  6.03
14.11	 -0.74	 1.0
15.11	  1.17	13.0
16.11	  5.31
17.11	  1.51
18.11	  1.00
19.11	 -2.54	 4.0
20.11	 -4.76	 4.0
21.11	  0.31	 4.0
22.11	  7.15
23.11	  6.16
24.11	  4.15
25.11	  3.37
26.11	  1.30
27.11	  0.37
28.11	 -1.01
29.11	  0.96	 3.0
30.11	  5.23
01.12	  3.72
02.12	  2.43
03.12	  0.14	 2.0
04.12	  1.62	 1.0
05.12	 -0.14	 1.0
06.12	  0.33	 1.0
07.12	 -1.04	 3.0
08.12	 -4.25	11.0
09.12	 -5.47	 9.0
10.12	 -2.17	 7.0
11.12	 -0.43	 7.0
12.12	 -2.99	40.0
13.12	 -3.80
14.12	  1.70	31.0
15.12	  3.51	26.0
16.12	  1.50	24.0
17.12	 -2.45	23.0
18.12	 -4.45	22.0
19.12	 -1.35	22.0
20.12	  0.59	21.0
21.12	  1.01	20.0
22.12	 -0.35	20.0
23.12	  3.07	20.0
24.12	  1.59	15.0
25.12	  2.75	13.0
26.12	  1.41	12.0
27.12	 -0.55	18.0
28.12	 -0.23	29.0
29.12	 -1.75	28.0
30.12	 -4.49	26.0
31.12	 -7.11	25.0
