01.01	 -1.60
02.01	 -0.39
03.01	 -1.51
04.01	 -2.94
05.01	 -2.56
06.01	 -2.59
07.01	 -2.06
08.01	 -0.79
09.01	 -0.08	22.0
10.01	 -4.70	19.0
11.01	 -3.69	17.0
12.01	 -2.60	15.0
13.01	 -5.01	15.0
14.01	 -3.23	15.0
15.01	 -0.97	14.0
16.01	  0.59	14.0
17.01	 -3.01	12.0
18.01	 -4.09	13.0
19.01	  0.00	13.0
20.01	  0.81	12.0
21.01	 -0.86	12.0
22.01	 -1.68	12.0
23.01	 -2.14	12.0
24.01	  0.16	10.0
25.01	 -0.56	13.0
26.01	 -3.62	16.0
27.01	 -1.24	19.0
28.01	  0.75	34.0
29.01	  0.10	29.0
30.01	 -0.95	45.0
31.01	 -3.07	55.0
01.02	 -4.04	53.0
02.02	  0.31	49.0
03.02	 -0.83	51.0
04.02	 -2.50	56.0
05.02	 -1.95	54.0
06.02	 -1.39	52.0
07.02	  0.93
08.02	  1.29	48.0
09.02	  1.70	47.0
10.02	  4.41	45.0
11.02	  4.44	43.0
12.02	  4.22	25.0
13.02	 -2.10	27.0
14.02	 -3.44	43.0
15.02	 -3.24	47.0
16.02	  1.30	42.0
17.02	 -1.90	44.0
18.02	 -2.39	57.0
19.02	 -3.52	62.0
20.02	 -2.20	63.0
21.02	  1.91	62.0
22.02	  0.74	59.0
23.02	 -2.98	58.0
24.02	 -5.49	57.0
25.02	 -4.44	55.0
26.02	 -2.76	65.0
27.02	 -4.08	63.0
28.02	 -7.06	62.0
29.02	 -5.45	63.0
01.03	 -6.04	63.0
02.03	 -7.71	60.0
03.03	 -5.53	59.0
04.03	 -3.95	59.0
05.03	 -4.14	58.0
06.03	 -3.19	58.0
07.03	 -4.29	58.0
08.03	 -3.89	56.0
09.03	 -0.91	56.0
10.03	  1.78	57.0
11.03	  1.06	56.0
12.03	  0.62	55.0
13.03	  1.77
14.03	  2.30	54.0
15.03	  0.90	55.0
16.03	  0.44	57.0
17.03	 -0.44	59.0
18.03	 -3.48	59.0
19.03	 -5.23	68.0
20.03	 -6.50	66.0
21.03	 -6.60	65.0
22.03	 -7.03	65.0
23.03	 -6.65	62.0
24.03	 -7.24	62.0
25.03	 -5.35	66.0
26.03	 -3.30	73.0
27.03	 -5.61	72.0
28.03	 -2.58	91.0
29.03	 -3.05	85.0
30.03	 -2.65	82.0
31.03	  0.09	81.0
01.04	  0.00	84.0
02.04	 -1.25	89.0
03.04	 -2.41	87.0
04.04	 -1.65	85.0
05.04	 -1.56	82.0
06.04	 -1.76	82.0
07.04	 -1.23	80.0
08.04	 -1.23	80.0
09.04	 -0.81	78.0
10.04	 -2.50	76.0
11.04	 -4.35	75.0
12.04	 -2.96	75.0
13.04	  0.02	75.0
14.04	 -1.88	72.0
15.04	  1.59	73.0
16.04	 -0.30	72.0
17.04	 -0.41	89.0
18.04	 -1.01	94.0
19.04	 -1.36	98.0
20.04	 -0.80	96.0
21.04	 -0.01	103.0
22.04	  0.79	100.0
23.04	  1.43	93.0
24.04	  0.06	91.0
25.04	  0.41	91.0
26.04	  0.86	89.0
27.04	  3.12	87.0
28.04	  6.51	84.0
29.04	  6.84	80.0
30.04	  8.92	76.0
01.05	 10.13	70.0
02.05	  8.58	65.0
03.05	  9.17	56.0
04.05	  5.86	56.0
05.05	  3.57	43.0
07.05	  3.73	31.0
08.05	  3.59	25.0
09.05	  3.46
10.05	  0.83	22.0
11.05	  0.85	20.0
12.05	 -0.23	31.0
13.05	  0.76	59.0
14.05	  1.96	41.0
15.05	  2.35	35.0
16.05	  2.25	31.0
17.05	  1.02	29.0
18.05	  2.49	22.0
19.05	  3.98	17.0
20.05	  4.62	12.0
21.05	  4.34	 5.0
22.05	  5.45
23.05	  5.23
24.05	  4.60
25.05	  4.95
26.05	  5.09
27.05	  5.07
28.05	  5.67
29.05	  5.69
30.05	  7.11
31.05	 11.93
01.06	  8.20
02.06	  7.16
03.06	  9.20
04.06	  9.88
05.06	  8.29
06.06	  7.76
07.06	  9.21
08.06	  6.25
09.06	  6.73
10.06	  9.14
11.06	  7.76
12.06	  7.77
13.06	  9.11
14.06	  7.16
15.06	  8.03
16.06	  8.35
17.06	  8.65
18.06	  6.85
19.06	  8.15
20.06	 12.22
21.06	 13.79
22.06	  7.72
23.06	 11.09
24.06	 10.50
25.06	  7.95
26.06	  7.08
27.06	  6.49
28.06	  7.91
29.06	 10.01
30.06	 13.34
01.07	 12.82
02.07	 11.24
03.07	 10.11
04.07	  8.49
05.07	  8.33
06.07	 11.21
07.07	 10.46
08.07	  9.53
09.07	  7.54
10.07	  8.67
11.07	 10.41
12.07	 11.84
13.07	 11.99
14.07	 12.21
15.07	 12.20
16.07	 11.07
17.07	 11.94
18.07	 11.99
19.07	 11.45
20.07	 15.89
21.07	 15.14
22.07	 10.28
23.07	 10.36
24.07	 11.26
25.07	 11.30
26.07	 10.48
27.07	 12.39
28.07	 11.98
29.07	 12.81
30.07	 14.68
31.07	  9.24
01.08	  7.56
02.08	  7.70
03.08	  9.49
04.08	 11.18
05.08	 12.99
06.08	  9.50
07.08	  8.70
08.08	  8.60
09.08	  8.38
10.08	  8.97
11.08	 12.05
12.08	 11.91
13.08	 10.32
14.08	 10.59
15.08	  9.10
16.08	 10.19
17.08	 10.05
18.08	  9.93
19.08	 11.61
20.08	 11.01
21.08	 12.26
22.08	 10.53
23.08	  8.88
24.08	 10.97
25.08	 11.29
26.08	 11.76
27.08	 10.88
28.08	 10.29
29.08	  8.08
30.08	  6.89
31.08	  5.64
01.09	  4.95
02.09	  4.78
03.09	  5.75
04.09	  6.65
05.09	  6.05
06.09	  6.47
07.09	  6.95
08.09	  8.39
09.09	  8.24
10.09	  7.37
11.09	  8.81
12.09	  7.60
13.09	  5.96
14.09	  6.99
15.09	  8.21
16.09	  9.91
17.09	  9.00
18.09	  7.70
19.09	  7.89
20.09	 10.17
21.09	 13.35
22.09	  9.85
23.09	  8.14
24.09	  5.19
25.09	  4.00
26.09	  6.33
27.09	  6.50
28.09	  6.59
29.09	  3.77
30.09	  2.23
01.10	  2.36
02.10	  3.47
03.10	  2.59
04.10	  0.44
05.10	  4.74
06.10	  6.88
07.10	  5.02
08.10	  2.85
09.10	  5.90
10.10	  8.06
11.10	  7.66
12.10	  5.76
13.10	  4.69
14.10	  5.33
15.10	  4.32
16.10	  2.10
17.10	  3.36
18.10	  2.74
19.10	  2.59
20.10	  5.16
21.10	  6.44
22.10	  5.61
23.10	  5.79
24.10	  4.91
25.10	  6.11
26.10	  5.26
27.10	  3.48
28.10	 -0.10
29.10	 -0.01
30.10	 -0.16
31.10	 -2.25	 3.0
01.11	  1.83	 3.0
02.11	  3.77
03.11	  1.64	 1.0
04.11	  3.28	 3.0
05.11	  1.90
06.11	  3.10
07.11	  3.36
08.11	  2.16
09.11	  3.67
10.11	  1.06
11.11	  2.42
12.11	 -2.71	 3.0
13.11	 -3.11
14.11	 -2.06	 8.0
15.11	 -1.83	12.0
16.11	 -2.09	13.0
17.11	 -1.53	26.0
18.11	  1.46	23.0
19.11	 -1.49	19.0
20.11	 -1.67	19.0
21.11	 -1.69	21.0
22.11	 -3.96	31.0
23.11	 -5.69	30.0
24.11	 -0.85	27.0
25.11	 -3.76	25.0
26.11	 -2.62
27.11	 -2.56	42.0
28.11	 -4.10	39.0
29.11	 -1.54	36.0
30.11	 -2.31	32.0
01.12	 -1.32	32.0
02.12	 -0.42	35.0
03.12	 -3.44	33.0
04.12	 -0.70	33.0
05.12	 -3.59	33.0
06.12	 -4.51	32.0
07.12	  0.15	32.0
08.12	 -0.14	31.0
09.12	 -1.80	29.0
10.12	 -0.16	29.0
11.12	 -0.79	29.0
12.12	 -1.75	29.0
13.12	 -1.86	29.0
14.12	 -2.36	29.0
15.12	 -3.47	28.0
16.12	  3.03	28.0
17.12	  4.72	31.0
18.12	  3.34	29.0
19.12	  3.51	28.0
20.12	  2.00
21.12	 -0.18	27.0
22.12	 -3.09	28.0
23.12	 -2.38	39.0
24.12	 -3.17	39.0
25.12	  4.84	32.0
26.12	  2.89	19.0
27.12	 -0.74	25.0
28.12	  4.90	22.0
29.12	  4.29	15.0
30.12	  0.55	 5.0
31.12	 -3.44	21.0
