01.01	 -5.66	28.0
02.01	 -6.44	40.0
03.01	 -6.08	50.0
04.01	 -6.92	45.0
05.01	 -3.15	45.0
06.01	 -6.47	52.0
07.01	 -8.99	58.0
08.01	 -3.74	51.0
09.01	  0.35	54.0
10.01	  3.85	51.0
11.01	  4.22	38.0
12.01	 -2.72	27.0
13.01	 -3.55	30.0
14.01	 -4.86	44.0
15.01	 -1.87	47.0
16.01	 -0.45	47.0
17.01	  1.18	48.0
18.01	 -3.34	46.0
19.01	 -1.30	45.0
20.01	 -1.01	43.0
21.01	 -0.62	42.0
22.01	  2.44	42.0
23.01	 -3.83	40.0
24.01	 -6.23	40.0
25.01	 -4.24	40.0
26.01	 -4.76	39.0
27.01	 -5.01	39.0
28.01	 -4.49	39.0
29.01	 -1.93
30.01	  1.43	39.0
31.01	  5.06	39.0
01.02	  4.42	32.0
02.02	  0.34	29.0
03.02	 -2.19	54.0
04.02	 -7.42	53.0
05.02	-10.03	52.0
06.02	 -9.67	51.0
07.02	-11.64	48.0
08.02	-12.43	46.0
09.02	 -9.50	46.0
10.02	 -7.78	45.0
11.02	 -2.15	56.0
12.02	 -1.49	53.0
13.02	 -2.41	50.0
14.02	 -5.73	49.0
15.02	 -6.35	49.0
16.02	 -3.31	48.0
17.02	 -5.16	47.0
18.02	 -4.14	46.0
19.02	 -3.70	46.0
20.02	 -3.61	45.0
21.02	  0.80	48.0
22.02	 -0.90	51.0
23.02	 -1.80	50.0
24.02	 -1.89	60.0
25.02	 -0.93	88.0
26.02	 -2.00	103.0
27.02	 -5.01	100.0
28.02	 -5.19	97.0
01.03	 -4.36	95.0
02.03	 -2.12	91.0
03.03	  0.50	87.0
04.03	 -0.35	88.0
05.03	 -2.71	87.0
06.03	 -2.20	85.0
07.03	 -1.85	84.0
08.03	 -0.90	84.0
09.03	 -0.69	83.0
10.03	 -1.67	81.0
11.03	 -2.33	81.0
12.03	  0.25
13.03	 -1.36	79.0
14.03	 -0.36	79.0
15.03	  0.60	79.0
16.03	  2.08	77.0
17.03	 -0.05
18.03	 -3.37	113.0
19.03	 -0.86	110.0
20.03	 -0.24	112.0
21.03	 -1.99	117.0
22.03	 -3.19	123.0
23.03	 -5.27	118.0
24.03	 -7.66	118.0
25.03	 -5.45	115.0
26.03	 -2.01	113.0
27.03	 -2.80	109.0
28.03	 -2.60	108.0
29.03	 -0.38	108.0
30.03	 -0.96
31.03	 -1.81	105.0
01.04	 -0.61	104.0
02.04	 -3.60	107.0
03.04	 -4.45	105.0
04.04	 -4.11	103.0
05.04	 -2.54	106.0
06.04	 -3.81
07.04	 -4.01	103.0
08.04	  0.30	102.0
09.04	  2.84	100.0
10.04	  3.62	97.0
11.04	  6.80	91.0
12.04	  6.82	79.0
13.04	  2.42	70.0
14.04	 -1.07	69.0
15.04	 -1.21	69.0
16.04	 -0.65	72.0
17.04	 -2.90	85.0
18.04	 -2.94	79.0
19.04	 -2.19	88.0
20.04	 -1.36	98.0
21.04	  1.38	95.0
22.04	  4.05	92.0
23.04	  2.26	81.0
24.04	  4.72	74.0
25.04	  3.49	69.0
26.04	  2.51	67.0
27.04	  2.15	63.0
28.04	  2.52	59.0
29.04	  3.68	59.0
30.04	  5.26	55.0
01.05	  6.46	51.0
02.05	  9.40	46.0
03.05	  4.86	34.0
04.05	  6.29	29.0
05.05	  6.79	21.0
06.05	  4.96	14.0
07.05	  6.30	 8.0
08.05	  8.43
09.05	  8.92
10.05	  7.50
11.05	  4.62
12.05	  5.29
13.05	  5.96
14.05	  7.64
15.05	  5.79
16.05	  6.87
17.05	  7.08
18.05	  7.77
19.05	  9.19
20.05	  8.76
21.05	  6.66
22.05	  8.31
23.05	  7.17
24.05	  6.67
25.05	  7.75
26.05	  6.19
27.05	  6.30
28.05	  3.04
29.05	  6.83
30.05	  9.10
31.05	 10.36
01.06	  5.00
02.06	  5.19
03.06	  4.70
04.06	  4.09
05.06	  4.30
06.06	  5.80
07.06	  6.04
08.06	  7.56
09.06	  8.26
10.06	  8.16
11.06	  6.73
12.06	  7.56
13.06	 11.68
14.06	  9.16
15.06	  6.33
16.06	  6.20
17.06	  6.24
18.06	 10.49
19.06	 10.69
20.06	  6.74
21.06	  6.79
22.06	 10.05
23.06	 11.10
24.06	 10.62
25.06	 11.10
26.06	 10.51
27.06	  9.61
28.06	 10.14
29.06	 11.22
30.06	 12.85
01.07	  9.66
02.07	  8.21
03.07	  6.94
04.07	  6.79
05.07	  7.52
06.07	  7.34
07.07	  9.62
08.07	 11.03
09.07	 12.89
10.07	 13.36
11.07	 16.05
12.07	 16.81
13.07	 17.76
14.07	 17.69
15.07	 13.71
16.07	 10.40
17.07	  8.75
18.07	  7.57
19.07	  8.69
20.07	  7.90
21.07	  8.51
22.07	  9.95
23.07	 15.39
24.07	 16.73
25.07	 18.92
26.07	 19.86
27.07	 18.81
28.07	 19.11
29.07	 13.40
30.07	 13.23
31.07	 13.32
01.08	 18.11
02.08	 16.60
03.08	 16.62
04.08	 19.31
05.08	 18.15
06.08	 16.21
07.08	 13.15
08.08	 14.16
09.08	 13.58
10.08	 14.12
11.08	 13.47
12.08	 11.85
13.08	 10.96
14.08	 11.79
15.08	 11.15
16.08	 10.88
17.08	  7.82
18.08	  6.85
19.08	  6.84
20.08	  7.93
21.08	 13.92
22.08	 16.10
23.08	 13.84
24.08	 10.29
25.08	 10.25
26.08	  9.55
27.08	  8.51
28.08	 11.62
29.08	 14.72
30.08	 14.99
31.08	 12.41
01.09	 11.38
02.09	 11.14
03.09	 11.51
04.09	 11.24
05.09	  9.22
06.09	  8.85
07.09	  8.91
08.09	  9.76
09.09	 11.67
10.09	  8.10
11.09	  8.31
12.09	  9.36
13.09	  8.75
14.09	  9.81
15.09	 11.45
16.09	  8.40
17.09	  4.41
18.09	  4.25
19.09	  7.00
20.09	 10.62
21.09	  7.76
22.09	 10.84
23.09	  7.90
24.09	  5.22
25.09	  6.88
26.09	  7.56
27.09	  4.36
28.09	  2.89
29.09	  1.68
30.09	  1.83
01.10	  1.96
02.10	  2.13
03.10	  1.66
04.10	 -0.41
05.10	 -0.55
06.10	 -0.41	 2.0
07.10	 -0.96	 2.0
08.10	  0.42	 7.0
09.10	  0.39	13.0
10.10	  1.38	20.0
11.10	  0.88	18.0
12.10	  0.99	17.0
13.10	 -0.16	18.0
14.10	  3.15	23.0
15.10	  7.57	 2.0
16.10	  4.40
17.10	  4.38
18.10	  7.38
19.10	  4.65
20.10	  3.42
21.10	  2.84
22.10	  2.70
23.10	  1.20
24.10	  0.30
25.10	 -0.81
26.10	  1.32
27.10	  1.76
28.10	  1.23
29.10	  0.34
30.10	 -0.98
31.10	  4.17
01.11	  2.30
02.11	  2.80
03.11	  4.51
04.11	  2.60
05.11	  0.85
06.11	  1.43
07.11	  2.60
08.11	  0.93
09.11	  3.09
10.11	  0.89
11.11	 -1.71
12.11	 -4.27
13.11	 -4.32
14.11	 -1.81
15.11	  0.98
16.11	  4.24
17.11	  3.79
18.11	  0.35
19.11	 -1.24
20.11	  0.46
21.11	  4.11
22.11	  4.11
23.11	  1.57
24.11	  1.56
25.11	  3.03
26.11	  3.67
27.11	 -0.34
28.11	 -0.07	 2.0
29.11	 -3.84	 3.0
30.11	 -5.84	 3.0
01.12	 -1.52	 2.0
02.12	  0.58
03.12	 -2.58
04.12	 -1.77	 7.0
05.12	 -1.23	 6.0
06.12	 -3.69	 6.0
07.12	 -1.05	 6.0
08.12	 -1.76	 6.0
09.12	 -3.43	 6.0
10.12	 -2.15	 6.0
11.12	  1.38	 6.0
12.12	  2.55	 3.0
13.12	 -0.57	 3.0
14.12	 -5.90	 2.0
15.12	 -7.53	 2.0
16.12	 -7.21	 2.0
17.12	 -1.84	 2.0
18.12	 -0.34
19.12	 -5.25	37.0
20.12	 -5.35	34.0
21.12	 -5.07	32.0
22.12	 -7.84	31.0
23.12	 -8.94	31.0
24.12	 -6.79	28.0
25.12	 -8.72	28.0
26.12	 -9.89	26.0
27.12	 -9.53	26.0
28.12	 -9.22	25.0
29.12	 -9.05	26.0
30.12	 -4.80	26.0
31.12	 -7.56	25.0
