01.01	 -8.34	25.0
02.01	 -4.77	27.0
03.01	 -4.89	41.0
04.01	 -7.94	41.0
05.01	 -9.65	37.0
06.01	 -6.66
07.01	 -3.93	42.0
08.01	 -2.55	49.0
09.01	  0.86	51.0
10.01	  3.74	35.0
11.01	  0.71	28.0
12.01	  0.17	34.0
13.01	  2.08	32.0
14.01	  0.68	30.0
15.01	 -2.75	28.0
16.01	 -3.52	28.0
17.01	 -3.68	28.0
18.01	 -2.21	28.0
19.01	 -0.02	28.0
20.01	  3.61	25.0
21.01	  0.80	22.0
22.01	 -2.08	21.0
23.01	 -6.38	20.0
24.01	 -4.45	20.0
25.01	 -3.78	20.0
26.01	  2.16	20.0
27.01	  0.66	18.0
28.01	 -5.16	23.0
29.01	-12.00	19.0
30.01	 -9.57
31.01	 -9.88	17.0
01.02	 -9.70	17.0
02.02	 -8.47	17.0
03.02	 -6.05	17.0
04.02	 -4.59	17.0
05.02	 -3.20	17.0
06.02	 -0.29	29.0
07.02	 -1.62	53.0
08.02	 -6.11	55.0
09.02	 -8.88	52.0
10.02	 -5.82	50.0
11.02	 -6.90	47.0
12.02	 -0.70	47.0
13.02	 -0.27
14.02	 -0.30	63.0
15.02	 -2.16	67.0
16.02	 -4.74	68.0
17.02	 -7.74	64.0
18.02	-11.49	64.0
19.02	-11.44	64.0
20.02	-12.75	64.0
21.02	-12.41	63.0
22.02	-10.24	62.0
23.02	-14.67	57.0
24.02	-14.45	57.0
25.02	-10.23	57.0
26.02	 -8.61	56.0
27.02	 -7.09	56.0
28.02	 -9.15	57.0
01.03	 -9.71	57.0
02.03	 -8.76	57.0
03.03	 -7.42	58.0
04.03	 -1.81	59.0
05.03	 -1.96	77.0
06.03	 -3.44	86.0
07.03	  3.24	75.0
08.03	 -2.56	61.0
09.03	 -5.08	68.0
10.03	 -4.62	72.0
11.03	 -4.17	80.0
12.03	 -3.41	94.0
13.03	 -3.49	96.0
14.03	 -3.96	92.0
15.03	 -6.21	89.0
16.03	 -4.19	82.0
17.03	 -4.06	88.0
18.03	 -5.01	89.0
19.03	 -6.06	87.0
20.03	 -7.55	85.0
21.03	 -4.41	86.0
22.03	 -2.49	101.0
23.03	 -2.39	101.0
24.03	 -4.21	101.0
25.03	 -2.92	98.0
26.03	 -3.17	93.0
27.03	 -2.71	91.0
28.03	 -2.77	90.0
29.03	 -3.48	88.0
30.03	 -3.24	86.0
31.03	 -1.64
01.04	  2.24	85.0
02.04	  5.92	84.0
03.04	  3.69	76.0
04.04	  1.83	75.0
05.04	  1.35	74.0
06.04	  0.82	74.0
07.04	  2.45	74.0
08.04	  2.04	73.0
09.04	  3.94	70.0
10.04	  2.66	69.0
11.04	  4.27	67.0
12.04	  4.93	60.0
13.04	  0.26	57.0
14.04	  1.10	64.0
15.04	  2.41	52.0
16.04	  0.10
17.04	  0.50	54.0
18.04	 -0.76	53.0
19.04	  0.94	56.0
20.04	  0.86	57.0
21.04	  1.76	53.0
22.04	  2.34	53.0
23.04	  2.35	53.0
24.04	  1.31	51.0
25.04	  0.70	49.0
26.04	  1.04	46.0
27.04	  0.35	49.0
28.04	 -0.65	59.0
29.04	 -0.41	73.0
30.04	  0.45	68.0
01.05	  1.91	61.0
02.05	  1.80	56.0
03.05	  2.74	53.0
04.05	  3.00	50.0
05.05	  2.66	49.0
06.05	  4.08	45.0
07.05	  5.11	41.0
08.05	  3.30	38.0
09.05	  2.93	37.0
10.05	  4.30	32.0
11.05	  5.65	26.0
12.05	  6.78	14.0
13.05	  7.73	13.0
14.05	  8.79	 7.0
15.05	 12.72	 2.0
16.05	 15.46
17.05	 15.94
18.05	  8.14
19.05	  8.03
20.05	  8.09
21.05	  6.04
22.05	  7.64
23.05	  4.69
24.05	  6.84
25.05	  9.47
26.05	 11.71
27.05	 10.07
28.05	 11.83
29.05	 12.82
30.05	  8.12
31.05	  5.88
01.06	  3.26
02.06	  8.51
03.06	  7.40
04.06	  3.37
05.06	  2.34
06.06	  3.93
07.06	  4.86
08.06	  6.90
09.06	  5.73
10.06	  4.11
11.06	  8.90
12.06	 11.35
13.06	 10.38
14.06	  6.60
15.06	  6.90
16.06	  8.44
17.06	  7.94
18.06	  9.80
19.06	  5.59
20.06	  5.51
21.06	  5.53
22.06	  5.60
23.06	  6.36
24.06	  7.75
25.06	 11.12
26.06	 10.87
27.06	  6.79
28.06	  7.31
29.06	 10.69
30.06	 10.44
01.07	  8.10
02.07	  8.55
03.07	 10.16
04.07	 13.35
05.07	 13.08
06.07	 15.01
07.07	 12.60
08.07	 13.09
09.07	 14.19
10.07	 13.43
11.07	 11.45
12.07	 14.55
13.07	 10.62
14.07	  7.85
15.07	  9.05
16.07	 11.25
17.07	 16.04
18.07	 12.73
19.07	 11.13
20.07	  9.72
21.07	  8.77
22.07	  7.34
23.07	  6.73
24.07	 10.10
25.07	 11.31
26.07	 11.54
27.07	 13.32
28.07	 10.62
29.07	 12.34
30.07	 14.95
31.07	 16.24
01.08	 14.42
02.08	 11.45
03.08	 11.51
04.08	 12.46
05.08	 12.03
06.08	  9.96
07.08	 13.66
08.08	 12.21
09.08	 11.16
10.08	 11.38
11.08	  9.18
12.08	  9.68
13.08	 10.72
14.08	  9.28
15.08	  6.65
16.08	  6.47
17.08	  7.55
18.08	  6.70
19.08	  7.46
20.08	  9.99
21.08	 10.84
22.08	 10.32
23.08	 10.70
24.08	  7.77
25.08	  8.43
26.08	  7.13
27.08	  6.82
28.08	  6.65
29.08	  9.01
30.08	  8.79
31.08	  8.00
01.09	  5.49
02.09	  5.89
03.09	  6.94
04.09	  8.34
05.09	  9.45
06.09	  9.35
07.09	  8.71
08.09	  7.00
09.09	  9.10
10.09	 10.55
11.09	 10.13
12.09	 10.00
13.09	  9.89
14.09	  9.79
15.09	 12.14
16.09	 12.94
17.09	  9.66
18.09	  7.68
19.09	  7.49
20.09	  8.35
21.09	  6.89
22.09	  6.80
23.09	  5.04
24.09	  5.17
25.09	  5.05
26.09	  4.79
27.09	  6.51
28.09	  7.43
29.09	  7.84
30.09	  8.39
01.10	  5.10
02.10	  5.10
03.10	  4.81
04.10	  8.82
05.10	 12.43
06.10	 10.56
07.10	 10.90
08.10	 10.14
09.10	  7.11
10.10	  3.85
11.10	  0.32
12.10	  2.16	16.0
13.10	  0.86	 9.0
14.10	  0.27	15.0
15.10	  0.16	17.0
16.10	  1.31	17.0
17.10	  3.55	10.0
18.10	  6.67
19.10	  0.90
20.10	 -1.42	 1.0
21.10	  0.00	14.0
22.10	  1.62	17.0
23.10	  2.46	12.0
24.10	  1.88	 4.0
25.10	  0.88	 4.0
26.10	  0.25	 4.0
27.10	  2.10	 5.0
28.10	  1.29	 4.0
29.10	 -0.94	 5.0
30.10	 -2.54	 5.0
31.10	  1.09	 7.0
01.11	  4.39	 4.0
02.11	  1.11	 4.0
03.11	 -2.66	 4.0
04.11	 -1.52	 4.0
05.11	 -0.95	 4.0
06.11	 -2.23	 3.0
07.11	 -2.44	 3.0
08.11	 -1.67	 4.0
09.11	 -2.54	20.0
10.11	 -4.25	17.0
11.11	 -0.84	15.0
12.11	 -0.85	14.0
13.11	 -3.91	14.0
14.11	 -2.98	13.0
15.11	 -2.86	13.0
16.11	 -0.70	15.0
17.11	  2.75	14.0
18.11	  3.98	 5.0
19.11	 -1.04	 5.0
20.11	 -1.14	 4.0
21.11	 -0.25
22.11	 -4.12	17.0
23.11	 -6.03	14.0
24.11	 -5.84	14.0
25.11	 -8.71	12.0
26.11	-10.16	12.0
27.11	 -8.21	12.0
28.11	 -7.12	12.0
29.11	 -3.30	12.0
30.11	  0.14	24.0
01.12	  1.79	28.0
02.12	  1.84	14.0
03.12	  1.96	13.0
04.12	  0.93	10.0
05.12	 -4.48	10.0
06.12	 -5.06	10.0
07.12	 -6.70	10.0
08.12	 -6.10	10.0
09.12	 -4.74	20.0
10.12	 -2.85	28.0
11.12	 -5.64	30.0
12.12	 -2.91	40.0
13.12	 -1.98	41.0
14.12	 -0.68	41.0
15.12	  1.84	38.0
16.12	 -1.82	39.0
17.12	 -3.46	35.0
18.12	 -7.11	35.0
19.12	 -8.01	31.0
20.12	 -9.30	31.0
21.12	 -6.96	31.0
22.12	 -8.15	31.0
23.12	 -5.27	31.0
24.12	 -0.45	47.0
25.12	  0.11	54.0
26.12	 -0.11	57.0
27.12	 -4.20	56.0
28.12	 -5.55	55.0
29.12	 -2.61	50.0
30.12	 -1.05	48.0
31.12	  0.05	53.0
