01.01	 -1.54	65.0
02.01	  0.08	64.0
03.01	  0.87
04.01	  1.41	61.0
05.01	 -1.15	61.0
06.01	 -2.48
07.01	  0.91	61.0
08.01	 -0.19	61.0
09.01	 -4.95	60.0
10.01	 -9.51	60.0
11.01	-11.69	61.0
12.01	 -9.03	61.0
13.01	 -5.61	62.0
14.01	 -8.71	62.0
15.01	 -8.07	62.0
16.01	 -6.47	62.0
17.01	 -6.17	62.0
18.01	 -9.65	62.0
19.01	 -9.74	62.0
20.01	 -7.92	62.0
21.01	 -6.13	63.0
22.01	 -6.71	63.0
23.01	 -9.27	63.0
24.01	 -9.67	63.0
25.01	 -8.02	63.0
26.01	 -6.12	63.0
27.01	 -7.67	63.0
28.01	 -3.92	63.0
29.01	 -3.07	63.0
30.01	 -5.24	63.0
31.01	 -7.23	63.0
01.02	 -5.64
02.02	 -4.20	63.0
03.02	  0.45	63.0
04.02	  3.07	61.0
05.02	 -0.37	55.0
06.02	 -4.13	55.0
07.02	 -1.66	57.0
08.02	 -0.85	57.0
09.02	  0.82	57.0
10.02	  3.81	57.0
11.02	  3.10	56.0
12.02	 -1.35	56.0
13.02	 -1.83	56.0
14.02	  0.72	56.0
15.02	 -0.46	56.0
16.02	  0.41	56.0
17.02	  0.31	56.0
18.02	  0.29	59.0
19.02	 -1.59	60.0
20.02	 -3.82
21.02	 -5.46	60.0
22.02	 -1.51
23.02	  1.93	59.0
24.02	  3.57	56.0
25.02	  4.20	53.0
26.02	  2.39	50.0
27.02	  1.33	50.0
28.02	  2.06	50.0
01.03	 -0.16	49.0
02.03	 -0.13	49.0
03.03	  0.07	49.0
04.03	 -0.77	49.0
05.03	  1.06	49.0
06.03	  3.96	49.0
07.03	  2.95	48.0
08.03	  2.40	45.0
09.03	  2.30	49.0
10.03	  2.46	45.0
11.03	  1.74	45.0
12.03	  2.37	42.0
13.03	  0.78	42.0
14.03	  0.63	45.0
15.03	 -2.20	58.0
16.03	 -4.96	60.0
17.03	 -6.92	61.0
18.03	 -6.62	58.0
19.03	 -6.10	56.0
20.03	 -5.66	60.0
21.03	 -3.81	59.0
22.03	 -2.40	59.0
23.03	 -0.21	66.0
24.03	  0.18	64.0
25.03	 -0.82	66.0
26.03	  1.33	65.0
27.03	  3.22	61.0
28.03	  4.24	57.0
29.03	 -1.06	58.0
30.03	 -2.96	65.0
31.03	 -1.76	70.0
01.04	 -1.19	69.0
02.04	 -1.69	77.0
03.04	 -2.43	91.0
04.04	 -0.70	98.0
05.04	 -1.27	98.0
06.04	 -1.88	100.0
07.04	 -1.76	100.0
08.04	 -2.17	93.0
09.04	  1.22	90.0
10.04	  4.00	87.0
11.04	  2.50	79.0
12.04	  2.71	70.0
13.04	  3.82	69.0
14.04	  1.23	66.0
15.04	 -0.48	68.0
16.04	  2.53	74.0
17.04	  2.61	67.0
18.04	  0.65
19.04	  3.32	60.0
20.04	  2.57	60.0
21.04	  2.86	59.0
22.04	 -0.15	59.0
23.04	  1.36	64.0
24.04	  3.70	63.0
25.04	  3.22	59.0
26.04	  3.51	55.0
27.04	  1.86	53.0
28.04	  1.74	53.0
29.04	  1.32	50.0
30.04	  0.71	49.0
01.05	 -0.18	53.0
02.05	 -0.30	53.0
03.05	  0.77	54.0
04.05	  1.32	50.0
05.05	  1.58	50.0
06.05	  1.55	49.0
07.05	  1.24	45.0
08.05	  2.04	41.0
09.05	  4.41	38.0
10.05	  5.83	34.0
11.05	  4.98	28.0
12.05	  2.53	15.0
13.05	  0.92	14.0
14.05	  0.60	11.0
15.05	  1.96	 7.0
16.05	  3.91	 3.0
17.05	  6.71
18.05	  6.24
19.05	  9.90
20.05	  7.54
21.05	  5.33
22.05	  3.82
23.05	  7.52
24.05	  5.75
25.05	  4.30
26.05	  5.28
27.05	  7.85
28.05	 10.47
29.05	 10.22
30.05	 10.50
31.05	  5.95
01.06	  7.05
02.06	 11.07
03.06	 14.58
04.06	 17.43
05.06	 18.85
06.06	 15.86
07.06	  9.22
08.06	 12.94
09.06	 10.45
10.06	  8.50
11.06	 11.13
12.06	  7.33
13.06	  6.08
14.06	  6.04
15.06	  4.83
16.06	  3.04
17.06	  4.03
18.06	  5.87
19.06	  4.10
20.06	  4.34
21.06	  4.92
22.06	  5.28
23.06	  7.45
24.06	  7.27
25.06	  6.30
26.06	  7.21
27.06	  8.95
28.06	 10.07
29.06	  9.98
30.06	 10.24
01.07	  9.65
02.07	 12.05
03.07	 13.78
04.07	 10.27
05.07	 15.18
06.07	 20.87
07.07	 22.27
08.07	 20.31
09.07	 17.38
10.07	 21.38
11.07	 11.32
12.07	 12.40
13.07	 15.13
14.07	 16.04
15.07	 17.94
16.07	 19.84
17.07	 12.62
18.07	 12.77
19.07	 12.78
20.07	 12.49
21.07	 18.75
22.07	 17.24
23.07	 14.70
24.07	 14.67
25.07	 16.00
26.07	 14.48
27.07	 16.13
28.07	 11.25
29.07	 11.95
30.07	 12.05
31.07	 14.71
01.08	 15.01
02.08	 14.18
03.08	 14.21
04.08	 16.25
05.08	 15.50
06.08	 15.19
07.08	 13.36
08.08	 12.02
09.08	 11.67
10.08	 14.46
11.08	 14.96
12.08	 13.97
13.08	 11.31
14.08	 10.93
15.08	  8.78
16.08	  8.25
17.08	  8.98
18.08	  9.92
19.08	 11.42
20.08	 10.00
21.08	 10.45
22.08	  9.82
23.08	  8.99
24.08	  9.38
25.08	  9.96
26.08	  9.40
27.08	  8.79
28.08	  9.88
29.08	  8.60
30.08	  9.51
31.08	  9.71
01.09	 11.08
02.09	 12.52
03.09	 11.40
04.09	 11.23
05.09	  8.88
06.09	  8.92
07.09	  9.27
08.09	  9.01
09.09	 10.44
10.09	 10.51
11.09	 11.27
12.09	  7.67
13.09	 10.16
14.09	  8.36
15.09	  8.91
16.09	  7.11
17.09	  6.51
18.09	  5.14
19.09	  3.96
20.09	  4.01
21.09	  2.50
22.09	  1.74	 9.0
23.09	  2.15	 6.0
24.09	  2.59	 2.0
25.09	  4.48
26.09	  6.27
27.09	  7.53
28.09	  6.31
29.09	  6.06
30.09	  4.90
01.10	  6.49
02.10	  8.00
03.10	  9.55
04.10	  9.74
05.10	 12.33
06.10	 10.78
07.10	  5.75
08.10	  3.67
09.10	  1.93
10.10	  1.78
11.10	  1.09
12.10	  0.11
13.10	  1.02
14.10	  1.52
15.10	  0.37
16.10	  1.30
17.10	  3.05
18.10	  2.04
19.10	 -0.34
20.10	 -0.21
21.10	  1.41
22.10	  0.83
23.10	  2.30
24.10	  4.64
25.10	  5.47
26.10	  4.11
27.10	  4.03
28.10	  4.02
29.10	  2.12
30.10	  0.79
31.10	 -0.75	 7.0
01.11	 -0.78	13.0
02.11	  3.90	 9.0
03.11	  2.84
04.11	 -3.74	20.0
05.11	 -3.67	19.0
06.11	  0.58	17.0
07.11	 -1.81	17.0
08.11	  0.19	12.0
09.11	  1.78	12.0
10.11	 -0.64	 7.0
11.11	 -0.57	 8.0
12.11	 -2.28	14.0
13.11	 -3.48	14.0
14.11	 -4.33	11.0
15.11	 -3.51	11.0
16.11	 -3.18
17.11	 -1.30	 9.0
18.11	  4.93	 6.0
19.11	  5.49
20.11	  3.90
21.11	  3.65
22.11	  1.75
23.11	 -1.15
24.11	 -2.23
25.11	  2.48
26.11	  4.90
27.11	  4.67
28.11	  3.06
29.11	  0.50
30.11	 -1.59
01.12	 -1.29
02.12	  0.20	 1.0
03.12	  1.60	 1.0
04.12	  2.64	 2.0
05.12	  5.92
06.12	  1.12
07.12	  1.46	10.0
08.12	  1.20	11.0
09.12	 -1.06	12.0
10.12	 -0.20	15.0
11.12	  0.29	14.0
12.12	 -3.43	14.0
13.12	 -4.36	14.0
14.12	 -1.38	14.0
15.12	 -1.66	14.0
16.12	 -0.90	14.0
17.12	 -2.18	15.0
18.12	 -6.28	15.0
19.12	 -6.90	15.0
20.12	 -5.62	15.0
21.12	 -5.69	15.0
22.12	 -8.30	15.0
23.12	 -8.86	15.0
24.12	 -6.77	15.0
25.12	 -3.27	21.0
26.12	 -2.15	45.0
27.12	 -2.19	56.0
28.12	 -3.19	56.0
29.12	 -1.96	51.0
30.12	  2.26	61.0
31.12	  2.88	38.0
