01.01	 -3.80	14.0
02.01	 -3.80	14.0
03.01	 -2.77	14.0
04.01	 -1.75	23.0
05.01	  0.57	24.0
06.01	  2.64	24.0
07.01	  1.69	128.0
08.01	 -0.10	24.0
09.01	  1.19	36.0
10.01	  0.85	31.0
11.01	  0.80	30.0
12.01	  1.80	29.0
13.01	  0.78	25.0
14.01	  0.10	36.0
15.01	 -5.14	35.0
16.01	 -2.31	33.0
17.01	 -1.12	32.0
18.01	  1.98	38.0
19.01	 -1.31	37.0
20.01	 -3.56	37.0
21.01	  0.81	42.0
22.01	 -2.24	54.0
23.01	 -2.96	58.0
24.01	 -2.88	65.0
25.01	 -5.85	66.0
26.01	 -5.92	63.0
27.01	 -8.12	61.0
28.01	 -6.95	59.0
29.01	 -7.29	59.0
30.01	 -3.89	59.0
31.01	 -3.22	60.0
01.02	 -5.47	59.0
02.02	 -3.94	59.0
03.02	 -7.22	58.0
04.02	 -8.09	58.0
05.02	 -1.85	57.0
06.02	 -5.69	57.0
07.02	 -6.50	57.0
08.02	 -4.05	56.0
09.02	 -2.76	56.0
10.02	 -2.49	56.0
11.02	 -5.58	57.0
12.02	 -3.89	57.0
13.02	 -2.38	58.0
14.02	 -2.32	56.0
15.02	 -4.43	56.0
16.02	 -4.29	56.0
17.02	 -4.87	56.0
18.02	 -6.10	56.0
19.02	 -5.84	56.0
20.02	 -1.02	56.0
21.02	 -1.52	65.0
22.02	 -2.48	67.0
23.02	  0.68	71.0
24.02	  1.41	71.0
25.02	  2.36	67.0
26.02	 -0.24	58.0
27.02	  1.39	66.0
28.02	  0.02	65.0
01.03	 -5.36	64.0
02.03	 -5.09	63.0
03.03	 -6.89	62.0
04.03	 -5.19	63.0
05.03	 -6.85	62.0
06.03	 -4.79	68.0
07.03	 -4.02	71.0
08.03	 -7.26	73.0
09.03	 -4.44	84.0
10.03	 -4.00	86.0
11.03	 -6.69	90.0
12.03	 -7.86	85.0
13.03	 -6.74	89.0
14.03	 -6.15	90.0
15.03	 -6.30	89.0
16.03	 -4.12	86.0
17.03	 -1.96	83.0
18.03	 -0.25	83.0
19.03	 -3.27	82.0
20.03	 -2.40	81.0
21.03	 -4.38	80.0
22.03	 -2.24	84.0
23.03	 -1.25	96.0
24.03	 -0.75	104.0
25.03	 -2.00	106.0
26.03	 -1.51	103.0
27.03	 -2.09	135.0
28.03	 -4.02	129.0
29.03	 -2.90	137.0
30.03	 -1.59	134.0
31.03	 -2.84	138.0
01.04	 -1.19	171.0
02.04	 -1.51	141.0
03.04	 -2.44	147.0
04.04	 -3.10	145.0
05.04	 -3.09	139.0
06.04	 -2.70	145.0
07.04	 -4.15	145.0
08.04	 -6.16	146.0
09.04	 -4.55	140.0
10.04	  0.34	141.0
11.04	  1.86	136.0
12.04	  0.26	131.0
13.04	  0.50	128.0
14.04	  0.96	126.0
15.04	  2.91	124.0
16.04	  6.03	120.0
17.04	  5.75	111.0
18.04	  5.31	105.0
19.04	  2.77	99.0
20.04	  1.21	96.0
21.04	  4.42	95.0
22.04	  6.21	89.0
23.04	  5.33	86.0
24.04	  4.88	82.0
25.04	  3.39	78.0
26.04	  3.15	76.0
27.04	  1.84	76.0
28.04	  1.98	73.0
29.04	  4.00	72.0
30.04	  4.24	67.0
01.05	  2.46	64.0
02.05	  3.58	63.0
03.05	  3.55	61.0
04.05	  2.53	58.0
05.05	  4.23	54.0
06.05	  6.06	51.0
07.05	  4.76	44.0
08.05	  2.01	36.0
09.05	  4.26	35.0
10.05	  6.84	30.0
11.05	  7.56	24.0
12.05	  6.99	19.0
13.05	  5.76	 9.0
14.05	  9.04	 4.0
15.05	  7.51
16.05	  9.70
17.05	 13.84
18.05	  8.25
19.05	  7.33
20.05	 10.31
21.05	 13.88
22.05	 16.80
23.05	 16.60	 2.0
24.05	 14.60
25.05	  6.72
26.05	  9.65
27.05	 11.91
28.05	 13.38
29.05	 15.94	 2.0
30.05	 16.88	 3.0
31.05	 19.18	 2.0
01.06	 20.90	 3.0
02.06	 18.00	 2.0
03.06	  9.58	123.0
04.06	  7.80	 7.0
05.06	 10.90	 9.0
06.06	 15.91	47.0
07.06	 13.74	81.0
08.06	 11.62	164.0
09.06	 10.44	47.0
10.06	  7.05	52.0
11.06	  5.39
12.06	  6.45
13.06	  8.94
14.06	 11.11
15.06	  8.14
16.06	  8.41
17.06	  8.60
18.06	  8.89
19.06	 11.79
20.06	 11.36
21.06	 13.67
22.06	 15.03
23.06	 11.65
24.06	 12.10
25.06	 14.40
26.06	 10.52
27.06	 13.32
28.06	 17.29
29.06	 18.35
30.06	 14.87
01.07	 15.82
02.07	 13.99
03.07	 11.44
04.07	 13.54
05.07	 13.93
06.07	 13.28
07.07	 13.62
08.07	  8.48
09.07	  9.19
10.07	  8.86
11.07	  8.79
12.07	 10.46
13.07	 10.05
14.07	  9.51
15.07	 12.73
16.07	 11.16
17.07	  9.34
18.07	 10.04
19.07	  9.53
20.07	 10.01
21.07	  8.73
22.07	  9.44
23.07	 11.65
24.07	 13.47
25.07	 12.41
26.07	 11.84
27.07	 13.20
28.07	 14.75
29.07	 13.72
30.07	 17.10
31.07	 17.57
01.08	 16.32
02.08	 13.19
03.08	 16.98
04.08	 14.50
05.08	 13.62
06.08	 15.14
07.08	 13.56
08.08	 10.72
09.08	  9.42
10.08	 10.32
11.08	 10.09
12.08	 10.00
13.08	 10.16
14.08	 10.65
15.08	 10.50
16.08	 13.79
17.08	 13.73
18.08	 14.40
19.08	 13.11
20.08	 12.23
21.08	 10.41
22.08	  8.34
23.08	 10.24
24.08	 12.06
25.08	 15.31
26.08	 13.50
27.08	 11.19
28.08	  8.81
29.08	  8.36
30.08	  8.48
31.08	  8.58
01.09	 10.59
02.09	 12.65
03.09	 10.82
04.09	 10.26
05.09	 13.37
06.09	 14.17
07.09	  9.59
08.09	 10.82
09.09	 10.10
10.09	 11.78
11.09	  9.45
12.09	  9.84
13.09	  9.88
14.09	  9.04
15.09	  9.27
16.09	 13.75
17.09	 13.01
18.09	 13.57
19.09	 13.93
20.09	 13.41
21.09	 11.30
22.09	  9.74
23.09	  8.04
24.09	  5.85
25.09	  5.69
26.09	  6.14
27.09	  7.19
28.09	  5.68
29.09	  5.13
30.09	  5.43
01.10	  7.93
02.10	  9.08
03.10	 10.07
04.10	  9.72
05.10	  8.77
06.10	  6.76
07.10	  7.02
08.10	  4.94
09.10	  2.99
10.10	  3.65
11.10	  3.87
12.10	  6.22
13.10	  2.15
14.10	  3.41
15.10	  0.37	 2.0
16.10	 -0.81	15.0
17.10	 -2.10	15.0
18.10	 -1.12	18.0
19.10	 -1.87	16.0
20.10	  0.07	16.0
21.10	 -0.01	25.0
22.10	 -1.30	28.0
23.10	 -2.70	24.0
24.10	  1.16	22.0
25.10	  0.95
26.10	 -0.66	17.0
27.10	 -1.00	16.0
28.10	 -1.14	16.0
29.10	  2.34	16.0
30.10	  3.61
31.10	  2.49	13.0
01.11	  0.53	 5.0
02.11	 -0.81	 5.0
03.11	  0.09	 6.0
04.11	  1.42	 6.0
05.11	  0.25	 6.0
06.11	 -0.99	14.0
07.11	 -0.03	14.0
08.11	 -3.71
09.11	 -1.25	14.0
10.11	  2.08
11.11	 -0.44	19.0
12.11	  2.35	22.0
13.11	  2.44	11.0
14.11	 -1.74	12.0
15.11	  2.37
16.11	  0.50	10.0
17.11	 -1.99	14.0
18.11	  1.12	20.0
19.11	 -1.90	19.0
20.11	 -2.28	34.0
21.11	 -1.53	38.0
22.11	  0.02	34.0
23.11	 -2.92	44.0
24.11	 -0.18
25.11	 -1.33
26.11	 -0.65	73.0
27.11	  1.99	62.0
28.11	 -1.17	54.0
29.11	 -2.54	59.0
30.11	 -5.25	68.0
01.12	 -6.08	73.0
02.12	 -2.70	78.0
03.12	  0.32	73.0
04.12	 -2.56	85.0
05.12	 -4.52	82.0
06.12	 -7.33	83.0
07.12	 -6.45	82.0
08.12	 -3.21	82.0
09.12	 -7.11	83.0
10.12	 -2.30	78.0
11.12	  4.63	66.0
12.12	  0.30	63.0
13.12	 -1.76	67.0
14.12	 -3.76	79.0
15.12	  0.94	74.0
16.12	  3.71	70.0
17.12	  2.27	68.0
18.12	  2.79	65.0
19.12	 -0.10	65.0
20.12	  1.07	63.0
21.12	  0.53	64.0
22.12	 -0.61	64.0
23.12	  0.09	71.0
24.12	 -0.42	70.0
25.12	  2.08
26.12	  1.93	65.0
27.12	  4.36	61.0
28.12	  1.30	60.0
29.12	  0.19	59.0
30.12	  0.48	66.0
31.12	 -0.70	65.0
