01.01	  2.70	25.0
02.01	 -1.39	23.0
03.01	 -0.90
04.01	 -4.78	30.0
05.01	 -2.12	28.0
06.01	 -2.58	26.0
07.01	  1.43
08.01	 -0.28	26.0
09.01	 -0.55
10.01	 -2.05	26.0
11.01	 -4.43	39.0
12.01	 -6.48	37.0
13.01	 -3.06	36.0
14.01	 -1.51	41.0
15.01	 -0.04	39.0
16.01	 -0.61	40.0
17.01	 -1.49	39.0
18.01	 -1.77	39.0
19.01	 -3.51	39.0
20.01	 -5.89	38.0
21.01	 -7.39	42.0
22.01	 -5.20	53.0
23.01	 -5.67	60.0
24.01	 -5.98	63.0
25.01	  0.75	63.0
26.01	 -4.37	62.0
27.01	 -8.51	77.0
28.01	 -6.61	91.0
29.01	 -4.44	108.0
30.01	 -7.10	102.0
31.01	 -5.01	96.0
01.02	 -0.88	90.0
02.02	 -0.09	92.0
03.02	 -1.39	92.0
04.02	 -4.83	90.0
05.02	 -8.85	89.0
06.02	 -7.35	88.0
07.02	 -6.30	88.0
08.02	 -3.74	86.0
09.02	 -3.96	105.0
10.02	 -3.81	120.0
11.02	 -4.33	121.0
12.02	 -5.27	135.0
13.02	 -8.99	129.0
14.02	 -9.30	124.0
15.02	-10.45	119.0
16.02	-11.17	116.0
17.02	 -5.24	112.0
18.02	 -7.66	111.0
19.02	 -9.97	109.0
20.02	-10.91	108.0
21.02	 -9.70	108.0
22.02	 -8.31	106.0
23.02	 -8.85	105.0
24.02	 -9.15	105.0
25.02	 -6.63	105.0
26.02	 -6.05	103.0
27.02	 -7.02	103.0
28.02	 -4.24	103.0
01.03	 -2.99	101.0
02.03	 -1.46	102.0
03.03	 -1.46	106.0
04.03	 -3.56	108.0
05.03	 -3.41	106.0
06.03	 -1.59	104.0
07.03	 -0.90	103.0
08.03	 -0.25	101.0
09.03	 -1.93	101.0
10.03	 -2.46	101.0
11.03	  1.21	102.0
12.03	  2.43	101.0
13.03	  3.66	98.0
14.03	  1.97	95.0
15.03	  2.44	93.0
16.03	  2.03	89.0
17.03	  0.57	89.0
18.03	 -1.70	88.0
19.03	 -3.10
20.03	 -1.91	88.0
21.03	  0.38	97.0
22.03	  1.82	45.0
23.03	  3.64	93.0
24.03	  6.06	91.0
25.03	  5.69	86.0
26.03	  5.62	79.0
27.03	  5.52	70.0
28.03	  6.94
29.03	  1.69	57.0
30.03	 -0.26	61.0
31.03	  0.30	61.0
01.04	  2.89	61.0
02.04	  0.11	55.0
03.04	 -3.80	63.0
04.04	 -1.17	66.0
05.04	 -0.70	75.0
06.04	 -4.19	88.0
07.04	 -2.87	87.0
08.04	 -3.58	90.0
09.04	 -2.48	102.0
10.04	 -1.07	98.0
11.04	  1.40	94.0
12.04	  3.13	86.0
13.04	  4.65	79.0
14.04	  5.69	67.0
15.04	  5.85	56.0
16.04	  5.93	45.0
17.04	  0.12	38.0
18.04	 -1.20	57.0
19.04	  0.11
20.04	 -1.39	49.0
21.04	 -0.43	49.0
22.04	  1.62	54.0
23.04	  3.12	46.0
24.04	  3.45	44.0
25.04	  5.55	39.0
26.04	  5.39	32.0
27.04	  1.86	27.0
28.04	  0.65	23.0
29.04	  1.32	21.0
30.04	  0.85	18.0
01.05	  3.05	15.0
02.05	  3.40	11.0
03.05	  2.75
04.05	  3.46
05.05	  3.39
06.05	  3.62
07.05	  4.59
08.05	  5.06
09.05	  4.05
10.05	  4.96
11.05	  3.54
12.05	  3.42
13.05	  5.79
14.05	  7.38
15.05	  8.11
16.05	  5.90
17.05	  5.12
18.05	  6.94
19.05	  8.47
20.05	  7.62
21.05	  6.81
22.05	  8.76
23.05	  5.95
24.05	  7.42
25.05	  7.01
26.05	  6.19
27.05	  7.55
28.05	  5.95
29.05	  7.89
30.05	  7.36
31.05	  6.34
01.06	 10.50
02.06	 13.68
03.06	 11.56
04.06	 13.11
05.06	  9.75
06.06	  9.72
07.06	  8.29
08.06	  8.14
09.06	  8.70
10.06	  8.94
11.06	  6.14
12.06	  5.39
13.06	  7.88
14.06	  7.80
15.06	  7.39
16.06	  5.58
17.06	  5.56
18.06	  5.99
19.06	  6.09
20.06	  7.27
21.06	 10.67
22.06	 14.30
23.06	 15.80
24.06	 17.31
25.06	 14.24
26.06	 12.79
27.06	 13.56
28.06	 10.44
29.06	  9.53
30.06	  8.70
01.07	 14.16
02.07	 16.96
03.07	 18.52
04.07	 19.67
05.07	 18.74
06.07	 17.34
07.07	 17.20
08.07	 17.70
09.07	 16.95
10.07	 13.61
11.07	 16.85
12.07	 16.60
13.07	 15.71
14.07	 14.75
15.07	 14.97
16.07	 10.59
17.07	 11.01
18.07	  9.14
19.07	  8.59
20.07	  8.79
21.07	  7.74
22.07	  8.79
23.07	 10.76
24.07	 11.26
25.07	 11.46
26.07	 11.74
27.07	 12.90
28.07	 15.20
29.07	 17.47
30.07	 16.95
31.07	 16.38
01.08	 15.33
02.08	 13.75
03.08	 14.94
04.08	 16.46
05.08	 14.10
06.08	 13.89
07.08	 16.23
08.08	 17.05
09.08	 14.38
10.08	 10.28
11.08	 11.15
12.08	 12.81
13.08	 16.57
14.08	 13.61
15.08	 12.33
16.08	 12.83
17.08	 12.14
18.08	  8.66
19.08	  8.39
20.08	  8.75
21.08	  9.10
22.08	 10.00
23.08	 11.71
24.08	  9.30
25.08	  9.88
26.08	  8.00
27.08	  7.27
28.08	  6.50
29.08	  4.84
30.08	  4.83
31.08	  4.11
01.09	  4.55
02.09	  5.86
03.09	  6.22
04.09	  6.04
05.09	  6.79
06.09	  7.86
07.09	  7.93
08.09	  8.50
09.09	  7.05
10.09	  5.21
11.09	  4.95
12.09	  5.59
13.09	  4.85
14.09	  6.54
15.09	  7.67
16.09	  7.16
17.09	  6.80
18.09	  7.11
19.09	  4.79
20.09	  3.98
21.09	  5.74
22.09	  7.31
23.09	  6.68
24.09	  6.50
25.09	  8.28
26.09	  8.01
27.09	  3.69
28.09	  7.62
29.09	  8.57
30.09	 10.39
01.10	 10.65
02.10	 10.39
03.10	  9.26
04.10	  7.88
05.10	  6.36
06.10	  9.50
07.10	  8.20
08.10	  4.45
09.10	 -0.18	 7.0
10.10	  1.40
11.10	  0.15
12.10	  0.94	18.0
13.10	  1.51	20.0
14.10	  4.96	11.0
15.10	  6.62
16.10	  6.89
17.10	  4.31
18.10	  3.73
19.10	  1.01	 1.0
20.10	  5.71
21.10	 10.01
22.10	  9.66
23.10	  9.16
24.10	  8.65
25.10	  8.00
26.10	  8.36
27.10	  8.22
28.10	  8.42
29.10	  5.09
30.10	  4.30
31.10	  3.91
01.11	  2.62
02.11	  1.90
03.11	  0.55
04.11	  1.76
05.11	  4.95
06.11	  0.54
07.11	 -1.30	 3.0
08.11	 -2.26	 3.0
09.11	 -2.53	 3.0
10.11	  1.38	 2.0
11.11	  0.90	 2.0
12.11	  0.53	 2.0
13.11	  0.01
14.11	 -1.57
15.11	 -1.10	 3.0
16.11	 -0.31	 5.0
17.11	  0.62	 7.0
18.11	  2.75	 3.0
19.11	 -0.68	 2.0
20.11	  3.43	 1.0
21.11	  5.78
22.11	 -1.14
23.11	 -2.39	10.0
24.11	  0.36	20.0
25.11	  2.15	12.0
26.11	 -0.96
27.11	 -2.81	15.0
28.11	 -2.59	21.0
29.11	 -2.15	18.0
30.11	 -3.48	16.0
01.12	 -1.20	15.0
02.12	 -2.22	16.0
03.12	 -2.33	16.0
04.12	 -2.70	16.0
05.12	 -4.04	16.0
06.12	  0.71
07.12	  1.47	15.0
08.12	  0.47	15.0
09.12	  1.81	17.0
10.12	  1.82	17.0
11.12	 -0.51	16.0
12.12	  0.29	21.0
13.12	  3.82	14.0
14.12	  4.91	11.0
15.12	  5.23	 5.0
16.12	  6.24
17.12	  5.67
18.12	  4.55
19.12	  3.10
20.12	  0.58	 5.0
21.12	  2.51	 3.0
22.12	  0.85	 1.0
23.12	  3.73
24.12	  4.76
25.12	 -0.59	 3.0
26.12	 -0.90	 3.0
27.12	 -0.18	 1.0
28.12	  3.95
29.12	  2.21
30.12	 -1.19
31.12	 -3.73
