01.01	  4.56	36.0
02.01	  1.76	26.0
03.01	  0.64	26.0
04.01	 -1.45	29.0
05.01	 -5.11	27.0
06.01	 -3.13	26.0
07.01	  0.25	25.0
08.01	  0.63	26.0
09.01	 -1.33	26.0
10.01	 -6.18	30.0
11.01	 -9.80	25.0
12.01	-10.83	25.0
13.01	 -8.19	25.0
14.01	 -4.03	25.0
15.01	 -6.07	25.0
16.01	 -3.82	24.0
17.01	 -2.04	24.0
18.01	 -2.89	28.0
19.01	 -8.72	28.0
20.01	 -8.89	27.0
21.01	 -7.98	27.0
22.01	 -6.77	27.0
23.01	 -7.77	27.0
24.01	 -6.12	27.0
25.01	  0.11	34.0
26.01	  2.34	35.0
27.01	  1.76	34.0
28.01	 -3.40	35.0
29.01	 -4.53	35.0
30.01	 -5.81	34.0
31.01	 -5.85	32.0
01.02	 -5.09	32.0
02.02	 -6.95	32.0
03.02	 -7.43	32.0
04.02	 -7.80	32.0
05.02	 -1.02	32.0
06.02	 -1.08	45.0
07.02	 -1.10	42.0
08.02	 -5.90	52.0
09.02	 -1.11	49.0
10.02	 -0.24	56.0
11.02	 -0.89	61.0
12.02	 -4.60	84.0
13.02	 -6.60	95.0
14.02	 -6.46	103.0
15.02	 -1.94	100.0
16.02	  2.16	91.0
17.02	  1.88	88.0
18.02	 -1.64	89.0
19.02	 -0.18	91.0
20.02	  2.30	89.0
21.02	  1.99	83.0
22.02	 -0.96	82.0
23.02	 -3.55	88.0
24.02	  1.40	86.0
25.02	  0.66	87.0
26.02	  0.15	85.0
27.02	  2.04	84.0
28.02	  2.83	81.0
01.03	  3.12	80.0
02.03	  3.34	80.0
03.03	  1.62	80.0
04.03	 -1.51	79.0
05.03	 -0.72	78.0
06.03	  1.47	78.0
07.03	  3.00	78.0
08.03	  0.97	79.0
09.03	  0.37	94.0
10.03	  0.35	100.0
11.03	  0.67	101.0
12.03	  3.36	101.0
13.03	  4.84	94.0
14.03	  3.89	82.0
15.03	  5.23	78.0
16.03	  5.97	74.0
17.03	  3.80	72.0
18.03	  3.80	67.0
19.03	  0.44	61.0
20.03	 -4.84	64.0
21.03	 -4.81	64.0
22.03	 -2.13	64.0
23.03	 -1.05	76.0
24.03	 -3.71	79.0
25.03	 -1.53	83.0
26.03	  0.02	88.0
27.03	  0.03
28.03	  1.35	80.0
29.03	  3.07	78.0
30.03	  2.98	76.0
31.03	 -0.04	74.0
01.04	 -0.03	75.0
02.04	  1.22	75.0
03.04	  1.00	73.0
04.04	  1.09	74.0
05.04	  2.07	73.0
06.04	  2.15	71.0
07.04	  2.72	67.0
08.04	  1.72	65.0
09.04	  1.68	73.0
10.04	  1.10	83.0
11.04	  0.53	78.0
12.04	  3.02	78.0
13.04	  1.74	74.0
14.04	  2.61	73.0
15.04	  4.05	73.0
16.04	  3.62	70.0
17.04	  3.04	66.0
18.04	  3.65	65.0
19.04	  3.04	64.0
20.04	  3.66	58.0
21.04	  4.75	54.0
22.04	  2.37	45.0
23.04	  3.35	45.0
24.04	  3.15	43.0
25.04	  1.45	40.0
26.04	  2.11	37.0
27.04	  2.43	35.0
28.04	 -0.22	30.0
29.04	 -0.19	31.0
30.04	  0.78	30.0
01.05	  2.61	23.0
02.05	  3.24	19.0
03.05	  2.12	15.0
04.05	  1.94	 9.0
05.05	  3.58	 5.0
06.05	  6.78
07.05	  6.69
08.05	  9.29
09.05	  5.60
10.05	  6.29
11.05	  4.97
12.05	  7.01	 2.0
13.05	  7.62
14.05	  3.76
15.05	  1.90
16.05	  3.85
17.05	  5.87
18.05	  7.61
19.05	  5.30
20.05	  6.41
21.05	  5.46
22.05	  7.43
23.05	  4.46
24.05	  3.01
25.05	  4.10
26.05	  7.37
27.05	 11.11
28.05	  9.24
29.05	  7.52
30.05	  9.54
31.05	 10.90
01.06	 12.42
02.06	  7.83
03.06	  8.52
04.06	  4.32
05.06	  4.37
06.06	  5.43
07.06	  6.37
08.06	  5.72
09.06	  6.65
10.06	  6.09
11.06	  5.03
12.06	  4.67
13.06	  4.73
14.06	  6.85
15.06	  8.96
16.06	  6.90
17.06	  6.57
18.06	  8.79
19.06	  7.16
20.06	  8.35
21.06	  9.60
22.06	 10.33
23.06	  9.81
24.06	 12.08
25.06	  9.14
26.06	  6.94
27.06	  7.65
28.06	  7.55
29.06	  7.07
30.06	  8.34
01.07	  9.71
02.07	 10.05
03.07	  9.77
04.07	  8.37
05.07	  7.98
06.07	  9.35
07.07	  7.17
08.07	  9.29
09.07	 16.10
10.07	 11.90
11.07	  8.85
12.07	 10.90
13.07	 11.85
14.07	 10.67
15.07	 10.60
16.07	  8.43
17.07	 10.72
18.07	 13.89
19.07	 14.64
20.07	 11.63
21.07	 10.83
22.07	 12.24
23.07	 11.90
24.07	  9.17
25.07	 10.71
26.07	 13.23
27.07	 14.34
28.07	 16.57
29.07	 14.28
30.07	 16.17
31.07	 13.99
01.08	 10.79
02.08	  9.81
03.08	  9.53
04.08	 10.08
05.08	 14.79
06.08	 14.87
07.08	 14.08
08.08	 12.45
09.08	 12.30
10.08	 13.15
11.08	 17.02
12.08	 12.08
13.08	  9.24
14.08	  9.46
15.08	 13.64
16.08	 16.45
17.08	 15.60
18.08	 13.90
19.08	 13.39
20.08	 15.70
21.08	 15.24
22.08	 15.70
23.08	 14.28
24.08	 13.66
25.08	 12.03
26.08	 12.03
27.08	 14.45
28.08	 15.93
29.08	 13.86
30.08	 13.17
31.08	  9.67
01.09	  7.13
02.09	  7.52
03.09	  7.56
04.09	  7.29
05.09	  7.44
06.09	  7.25
07.09	  7.22
08.09	  7.69
09.09	 10.39
10.09	 10.62
11.09	  9.82
12.09	  9.15
13.09	  8.90
14.09	 12.15
15.09	 11.29
16.09	 10.23
17.09	 11.56
18.09	 12.12
19.09	 10.26
20.09	 10.01
21.09	  9.92
22.09	 10.84
23.09	  9.67
24.09	 10.13
25.09	  8.83
26.09	  8.94
27.09	  8.68
28.09	  9.12
29.09	 11.08
30.09	  5.77
01.10	  4.45
02.10	  4.31
03.10	  2.53
04.10	  1.98
05.10	  2.19
06.10	  0.92
07.10	  2.12
08.10	  3.95
09.10	  4.10
10.10	  3.84
11.10	  6.28
12.10	  6.55
13.10	  7.29
14.10	  7.11
15.10	  7.48
16.10	  4.58
17.10	  6.81
18.10	  7.63
19.10	  7.60
20.10	  7.53
21.10	  6.34
22.10	  3.57
23.10	  1.80
24.10	  7.45
25.10	  5.07
26.10	  0.90
27.10	  0.01	10.0
28.10	  2.65	10.0
29.10	  0.82	 5.0
30.10	 -0.70	 5.0
31.10	  2.38	 5.0
01.11	  6.95
02.11	  4.63
03.11	  5.22
04.11	  2.54
05.11	  1.79
06.11	 -0.91
07.11	  1.66
08.11	  4.62
09.11	  5.38
10.11	  4.73
11.11	  3.40
12.11	  1.42
13.11	  0.67	 1.0
14.11	  2.64
15.11	  1.78
16.11	 -1.46
17.11	 -2.00
18.11	  0.03	 1.0
19.11	 -0.49	 1.0
20.11	  0.07	 1.0
21.11	 -1.60	15.0
22.11	 -3.50	28.0
23.11	  0.01	24.0
24.11	  3.02	23.0
25.11	  1.28	16.0
26.11	  2.27	15.0
27.11	  2.21	10.0
28.11	  1.08	13.0
29.11	  1.02	11.0
30.11	 -0.90	12.0
01.12	 -0.40	12.0
02.12	  1.25	11.0
03.12	  2.36	 9.0
04.12	  2.50	10.0
05.12	  1.52	11.0
06.12	  1.67	13.0
07.12	  1.35	10.0
08.12	  0.34	17.0
09.12	  0.42	18.0
10.12	 -0.21	17.0
11.12	 -2.12	17.0
12.12	 -2.27	16.0
13.12	 -2.56	29.0
14.12	 -3.34	43.0
15.12	 -4.01	56.0
16.12	 -4.10	58.0
17.12	 -5.88	63.0
18.12	  2.07	54.0
19.12	  2.18	44.0
20.12	  0.55	42.0
21.12	  0.58	39.0
22.12	 -0.75	38.0
23.12	 -0.61	39.0
24.12	  4.08	39.0
25.12	  2.52	33.0
26.12	 -3.71	38.0
27.12	 -4.35	41.0
28.12	 -1.96	48.0
29.12	 -2.26	44.0
30.12	 -0.09	42.0
31.12	  3.07	40.0
