01.01	 -6.05	24.0
02.01	 -2.58	24.0
03.01	 -2.60	24.0
04.01	  2.81	24.0
05.01	  5.26	20.0
06.01	  3.95	12.0
07.01	  1.05	10.0
08.01	  1.34	10.0
09.01	  3.83	10.0
10.01	  3.51	10.0
11.01	  3.59
12.01	  2.64	 1.0
13.01	  4.80
14.01	  5.35
15.01	  2.48
16.01	  2.66
17.01	  0.33
18.01	 -4.84
19.01	 -7.50
20.01	 -8.20
21.01	 -9.46
22.01	 -3.21	 1.0
23.01	  2.27
24.01	 -0.90	 1.0
25.01	 -0.40	 2.0
26.01	  3.01	 9.0
27.01	  2.27	 5.0
28.01	  0.76	 3.0
29.01	 -2.17	16.0
30.01	 -2.76	24.0
31.01	 -2.15	22.0
01.02	  0.54	19.0
02.02	 -2.55	25.0
03.02	 -9.85	24.0
04.02	 -7.31	22.0
05.02	 -5.35	22.0
06.02	 -3.44	21.0
07.02	 -0.63	22.0
08.02	  1.85	22.0
09.02	 -0.29	21.0
10.02	 -2.10	37.0
11.02	  0.28	72.0
12.02	  2.91	166.0
13.02	 -2.11	176.0
14.02	 -2.06	29.0
15.02	  0.50	28.0
16.02	 -2.11	26.0
17.02	 -4.00	25.0
18.02	 -8.53	25.0
19.02	 -8.98	25.0
20.02	 -5.81
21.02	  0.68	38.0
22.02	  3.88	28.0
23.02	  1.02	23.0
24.02	  0.45	21.0
25.02	 -4.67	33.0
26.02	 -5.22	42.0
27.02	 -4.98	53.0
28.02	 -6.30
01.03	 -8.25
02.03	 -8.78	47.0
03.03	 -7.75	45.0
04.03	 -6.25	43.0
05.03	 -7.54	42.0
06.03	 -9.20	42.0
07.03	 -7.09	42.0
08.03	 -7.05	42.0
09.03	 -7.18	42.0
10.03	 -4.54	41.0
11.03	  0.38	58.0
12.03	  1.21	58.0
13.03	  1.70	53.0
14.03	  3.90	53.0
15.03	  1.70	53.0
16.03	  1.55	49.0
17.03	  1.51	47.0
18.03	 -2.31	45.0
19.03	 -5.03	49.0
20.03	 -6.78	50.0
21.03	 -7.46	47.0
22.03	 -6.47	46.0
23.03	 -4.29	53.0
24.03	 -2.16	58.0
25.03	 -1.51	61.0
26.03	 -3.46	60.0
27.03	 -5.53	57.0
28.03	 -5.50	53.0
29.03	 -5.59	53.0
30.03	 -6.28	53.0
31.03	 -7.31	53.0
01.04	 -4.60	53.0
02.04	 -3.09	52.0
03.04	  0.56	62.0
04.04	 -0.54
05.04	 -0.84	58.0
06.04	 -1.11	58.0
07.04	  1.41	57.0
08.04	  2.82	54.0
09.04	  1.75	52.0
10.04	  0.75	50.0
11.04	  0.67	50.0
12.04	  1.01	49.0
13.04	  3.03	48.0
14.04	  4.23	47.0
15.04	  4.10
16.04	  2.90	40.0
17.04	  2.33	36.0
18.04	  4.60
19.04	  2.81
20.04	  2.69	28.0
21.04	  1.99	25.0
22.04	  4.00	21.0
23.04	  5.53	19.0
24.04	  6.46	11.0
25.04	  6.91
26.04	 10.54	 6.0
27.04	  6.83
28.04	  4.19
29.04	  7.21
30.04	 10.25
01.05	  9.54
02.05	  8.62
03.05	  9.16
04.05	 10.16
05.05	 12.16
06.05	 12.86
07.05	 12.80
08.05	  5.47
09.05	  4.39
10.05	  4.64
11.05	  6.26
12.05	  4.66
13.05	  2.56
14.05	  0.75
15.05	 -0.94	 6.0
16.05	  0.16	 6.0
17.05	  1.45	 7.0
18.05	  3.84
19.05	  6.35
20.05	  8.40
21.05	 10.75
22.05	 13.92
23.05	 13.26
24.05	 12.40
25.05	  8.67
26.05	  9.76
27.05	  7.51
28.05	  8.66
29.05	  8.83
30.05	  5.88
31.05	  6.81
01.06	  7.85
02.06	  8.28
03.06	  8.55
04.06	  5.89
05.06	  6.36
06.06	  7.80
07.06	  8.03
08.06	  8.74
09.06	  6.71
10.06	  6.20
11.06	 10.21
12.06	 13.05
13.06	 17.00
14.06	  8.50
15.06	  6.89
16.06	  8.46
17.06	  8.72
18.06	  9.70
19.06	 10.94
20.06	 11.55
21.06	 11.36
22.06	 13.12
23.06	 11.99
24.06	  9.44
25.06	  9.55
26.06	  7.40
27.06	  7.03
28.06	  8.10
29.06	  9.16
30.06	 12.71
01.07	 15.33
02.07	 15.80
03.07	 12.26
04.07	  8.88
05.07	  9.34
06.07	 10.68
07.07	 13.25
08.07	 13.80
09.07	 12.54
10.07	 15.75
11.07	 10.91
12.07	 11.73
13.07	 11.68
14.07	  8.45
15.07	  9.20
16.07	 11.93
17.07	 11.40
18.07	  7.52
19.07	  7.24
20.07	  8.07
21.07	  8.30
22.07	  9.44
23.07	  9.14
24.07	  9.30
25.07	  9.24
26.07	  9.01
27.07	 10.00
28.07	 10.40
29.07	 11.84
30.07	 13.85
31.07	 11.20
01.08	 11.66
02.08	 10.74
03.08	 10.47
04.08	 10.03
05.08	 12.21
06.08	 14.67
07.08	 14.19
08.08	 12.85
09.08	 10.97
10.08	 10.15
11.08	 10.65
12.08	 10.48
13.08	 12.74
14.08	 10.19
15.08	 12.07
16.08	 12.65
17.08	 10.95
18.08	  8.76
19.08	  8.61
20.08	 10.21
21.08	  9.30
22.08	  9.66
23.08	  9.58
24.08	 10.86
25.08	 13.40
26.08	 13.39
27.08	 13.31
28.08	 15.51
29.08	 15.89
30.08	 15.97
31.08	 14.63
01.09	 13.39
02.09	 13.45
03.09	 13.79
04.09	 13.44
05.09	 14.49
06.09	 11.94
07.09	 10.18
08.09	  8.72
09.09	  8.78
10.09	  9.35
11.09	 10.51
12.09	 11.55
13.09	  8.15
14.09	  6.16
15.09	  6.70
16.09	 13.01
17.09	 11.59
18.09	 10.91
19.09	  5.89
20.09	  3.64
21.09	  3.33
22.09	  3.23
23.09	  3.56
24.09	  2.95
25.09	  3.09
26.09	  3.11
27.09	  3.64
28.09	  1.61
29.09	  2.00
30.09	  3.52
01.10	  4.30
02.10	  4.94
03.10	  4.30
04.10	  2.65
05.10	  1.89
06.10	  3.59
07.10	  6.00
08.10	  3.49
09.10	  2.12
10.10	  5.60
11.10	  9.03
12.10	  7.76
13.10	  6.60
14.10	  5.34
15.10	  6.46
16.10	  5.84
17.10	  1.06	 1.0
18.10	  1.91
19.10	 -1.37
20.10	 -3.24
21.10	 -1.53
22.10	 -0.54	19.0
23.10	 -3.64	19.0
24.10	 -1.79	19.0
25.10	 -1.77	18.0
26.10	 -0.62
27.10	 -2.77	16.0
28.10	 -2.10
29.10	 -1.54	19.0
30.10	 -3.15	33.0
31.10	 -6.70	29.0
01.11	 -4.67	26.0
02.11	 -3.07
03.11	 -4.06	67.0
04.11	  0.10
05.11	 -0.60	53.0
06.11	  0.40	47.0
07.11	  0.24	46.0
08.11	 -0.36	46.0
09.11	 -2.05	49.0
10.11	  0.09	50.0
11.11	  1.53	49.0
12.11	 -0.21	46.0
13.11	  0.06	45.0
14.11	  0.76
15.11	  1.15	43.0
16.11	  2.17
17.11	  3.41	38.0
18.11	  5.44	35.0
19.11	  3.95	29.0
20.11	 -1.05	25.0
21.11	  2.46	23.0
22.11	  4.33	23.0
23.11	  3.61	23.0
24.11	 -1.66	22.0
25.11	  1.00	22.0
26.11	  4.15	21.0
27.11	  5.33	14.0
28.11	  3.39	11.0
29.11	  2.94	 8.0
30.11	  4.85	 4.0
01.12	  2.71
02.12	  1.56
03.12	  2.99
04.12	  0.84
05.12	  1.95
06.12	 -0.81
07.12	  0.36
08.12	 -0.25	 1.0
09.12	  1.24	 1.0
10.12	  3.08
11.12	  3.24
12.12	  4.21
13.12	  3.41
14.12	  1.07
15.12	 -1.50
16.12	 -1.48	 2.0
17.12	 -2.69	27.0
18.12	 -3.00	36.0
19.12	 -2.93	42.0
20.12	  1.63	35.0
21.12	  5.93	10.0
22.12	  2.28
23.12	 -1.88	12.0
24.12	 -2.89	15.0
25.12	  1.72	12.0
26.12	  1.17	 5.0
27.12	 -3.59	15.0
28.12	 -0.81	25.0
29.12	  0.05	36.0
30.12	  0.19	30.0
31.12	  1.17	30.0
