# Метеостанция Тромсё, Норвегия, WMO_ID=1026, выборка с 31.12.2011 по 31.12.2012, все дни
# Кодировка: ANSI
# Информация предоставлена сайтом Расписание Погоды, rp5.ru 
# Пожалуйста, при использовании данных, любезно указывайте названный сайт.
# Обозначения метеопараметров см. по адресу http://rp5.ru/archive.php?wmo_id=1026&lang=ru
#
31.12 22:00	-3.5	14.0
31.12 19:00	-2.8	14.0
31.12 16:00	-1.0	14.0
31.12 13:00	2.0	14.0
31.12 10:00	3.2	14.0
31.12 07:00	3.6	14.0
31.12 04:00	3.5	14.0
31.12 01:00	3.4	14.0
30.12 22:00	3.1	14.0
30.12 19:00	2.8	15.0
30.12 16:00	0.4	15.0
30.12 13:00	-1.1	15.0
30.12 10:00	-2.6	14.0
30.12 07:00	-1.3	14.0
30.12 04:00	2.3	14.0
30.12 01:00	1.1	14.0
29.12 22:00	1.8	15.0
29.12 19:00	1.7	15.0
29.12 16:00	1.9	16.0
29.12 13:00	-0.6	
29.12 10:00	-3.9	16.0
29.12 07:00	-4.0	14.0
29.12 04:00	-2.0	17.0
29.12 01:00	-0.9	17.0
28.12 22:00	-1.3	18.0
28.12 19:00	0	17.0
28.12 16:00	-0.6	17.0
28.12 13:00	-1.7	18.0
28.12 10:00	-3.9	16.0
28.12 07:00	-5.3	9.0
28.12 04:00	-6.8	11.0
28.12 01:00	-7.8	11.0
27.12 22:00	-8.1	9.0
27.12 19:00	-7.3	9.0
27.12 16:00	-6.0	9.0
27.12 13:00	-7.0	9.0
27.12 10:00	-5.3	9.0
27.12 07:00	-4.4	3.0
27.12 04:00	-4.3	9.0
27.12 01:00	-5.8	9.0
26.12 22:00	-6.4	9.0
26.12 19:00	-6.5	9.0
26.12 16:00	-3.6	9.0
26.12 13:00	-3.7	9.0
26.12 10:00	-4.2	9.0
26.12 07:00	-4.6	3.0
26.12 04:00	-5.1	8.0
26.12 01:00	-5.7	7.0
25.12 22:00	-6.2	7.0
25.12 19:00	-6.5	7.0
25.12 16:00	-7.0	7.0
25.12 13:00	-7.1	7.0
25.12 10:00	-7.1	7.0
25.12 07:00	-7.2	2.0
25.12 04:00	-7.0	7.0
25.12 01:00	-6.7	8.0
24.12 22:00	-6.5	7.0
24.12 19:00	-6.3	8.0
24.12 16:00	-5.6	8.0
24.12 13:00	-5.5	7.0
24.12 10:00	-5.2	7.0
24.12 07:00	-4.6	2.0
24.12 04:00	-5.3	7.0
24.12 01:00	-5.2	8.0
23.12 22:00	-5.5	7.0
23.12 19:00	-5.3	8.0
23.12 16:00	-4.8	8.0
23.12 13:00	-4.8	8.0
23.12 10:00	-4.3	8.0
23.12 07:00	-4.2	2.0
23.12 04:00	-3.6	8.0
23.12 01:00	-3.0	8.0
22.12 22:00	-2.0	8.0
22.12 19:00	-1.7	8.0
22.12 16:00	-1.6	8.0
22.12 13:00	-1.7	8.0
22.12 10:00	-2.0	8.0
22.12 07:00	-2.6	2.0
22.12 04:00	-3.1	8.0
22.12 01:00	-3.4	7.0
21.12 22:00	-3.5	7.0
21.12 19:00	-3.6	8.0
21.12 16:00	-3.8	7.0
21.12 13:00	-4.9	7.0
21.12 10:00	-4.6	8.0
21.12 07:00	-3.7	2.0
21.12 04:00	-3.0	8.0
21.12 01:00	-3.1	8.0
20.12 22:00	-3.5	8.0
20.12 19:00	-3.8	8.0
20.12 16:00	-4.2	8.0
20.12 13:00	-5.1	8.0
20.12 10:00	-4.6	8.0
20.12 07:00	-3.4	2.0
20.12 04:00	-3.4	8.0
20.12 01:00	-3.6	8.0
19.12 22:00	-3.5	8.0
19.12 19:00	-3.7	8.0
19.12 16:00	-3.7	8.0
19.12 13:00	-3.5	8.0
19.12 10:00	-2.8	8.0
19.12 07:00	-2.5	8.0
19.12 04:00	-1.9	8.0
19.12 01:00	-1.1	8.0
18.12 22:00	-0.2	8.0
18.12 19:00	-0.6	8.0
18.12 16:00	-1.4	8.0
18.12 13:00	-1.6	8.0
18.12 10:00	-3.1	8.0
18.12 07:00	-4.6	7.0
18.12 04:00	-4.2	8.0
18.12 01:00	-3.7	8.0
17.12 22:00	-4.2	7.0
17.12 19:00	-3.1	8.0
17.12 16:00	-2.4	8.0
17.12 13:00	-1.7	8.0
17.12 07:00	-2.0	8.0
17.12 04:00	-1.8	8.0
17.12 01:00	-1.8	8.0
16.12 22:00	-2.3	8.0
15.12 19:00	-2.1	7.0
15.12 16:00	-2.0	7.0
15.12 13:00	-0.8	7.0
15.12 10:00	-0.7	7.0
15.12 07:00	-1.0	7.0
15.12 04:00	-0.8	7.0
15.12 01:00	-1.2	7.0
14.12 22:00	-1.9	8.0
14.12 19:00	-2.2	8.0
14.12 16:00	-2.6	8.0
14.12 13:00	-2.8	8.0
14.12 10:00	-2.6	8.0
14.12 07:00	-3.3	8.0
14.12 04:00	-3.6	9.0
14.12 01:00	-3.4	9.0
13.12 22:00	-3.0	8.0
13.12 19:00	-3.0	8.0
13.12 16:00	-3.2	8.0
13.12 13:00	-2.2	8.0
13.12 10:00	-4.3	8.0
13.12 07:00	-3.4	8.0
13.12 04:00	-3.9	8.0
13.12 01:00	-4.6	8.0
12.12 22:00	-4.4	9.0
12.12 19:00	-3.6	9.0
12.12 16:00	-3.4	9.0
12.12 13:00	-4.1	9.0
12.12 10:00	-3.6	9.0
12.12 07:00	-2.7	8.0
12.12 04:00	-1.6	8.0
12.12 01:00	-2.1	8.0
11.12 22:00	-1.8	8.0
11.12 19:00	-2.9	8.0
11.12 16:00	-3.4	8.0
11.12 13:00	0	7.0
11.12 10:00	-4.2	7.0
11.12 07:00	-4.7	7.0
11.12 04:00	-5.1	8.0
11.12 01:00	-5.4	8.0
10.12 22:00	-6.4	8.0
10.12 19:00	-6.4	8.0
10.12 16:00	-6.2	8.0
10.12 13:00	-5.7	8.0
10.12 10:00	-4.9	8.0
10.12 07:00	-4.6	7.0
10.12 04:00	-4.7	7.0
10.12 01:00	-4.9	7.0
09.12 22:00	-4.7	7.0
09.12 19:00	-4.4	7.0
09.12 16:00	-3.3	7.0
09.12 13:00	-3.0	7.0
09.12 10:00	-2.7	7.0
09.12 07:00	-2.1	7.0
09.12 04:00	-2.6	
09.12 01:00	-2.0	7.0
08.12 22:00	-1.7	6.0
08.12 19:00	-2.5	6.0
08.12 16:00	-3.3	6.0
08.12 13:00	-3.3	7.0
08.12 10:00	-3.1	7.0
08.12 07:00	-2.9	6.0
08.12 04:00	-3.3	6.0
08.12 01:00	-3.9	7.0
07.12 22:00	-4.6	6.0
07.12 19:00	-5.1	6.0
07.12 16:00	-4.2	6.0
07.12 13:00	-6.3	6.0
07.12 10:00	-5.2	6.0
07.12 07:00	-6.9	7.0
07.12 04:00	-5.2	7.0
07.12 01:00	-5.6	7.0
06.12 22:00	-5.3	7.0
06.12 19:00	-5.6	7.0
06.12 16:00	-5.8	7.0
06.12 13:00	-7.0	7.0
06.12 10:00	-8.5	6.0
06.12 07:00	-9.5	7.0
06.12 04:00	-8.8	7.0
06.12 01:00	-9.2	7.0
05.12 22:00	-8.0	6.0
05.12 19:00	-8.5	7.0
05.12 16:00	-8.5	7.0
05.12 13:00	-8.1	7.0
05.12 10:00	-5.2	7.0
05.12 07:00	-4.6	7.0
05.12 04:00	-4.3	7.0
05.12 01:00	-3.9	7.0
04.12 22:00	-3.8	7.0
04.12 19:00	-3.7	7.0
04.12 16:00	-4.2	6.0
04.12 13:00	-5.1	6.0
04.12 10:00	-5.3	7.0
04.12 07:00	-4.7	7.0
04.12 04:00	-4.0	7.0
04.12 01:00	-4.6	7.0
03.12 22:00	-3.0	7.0
03.12 19:00	-3.2	7.0
03.12 16:00	-2.0	7.0
03.12 13:00	-3.4	6.0
03.12 10:00	-4.1	7.0
03.12 07:00	-4.3	6.0
03.12 04:00	-5.9	7.0
03.12 01:00	-5.8	6.0
02.12 22:00	-7.0	7.0
02.12 19:00	-7.5	6.0
02.12 16:00	-7.3	6.0
02.12 13:00	-8.8	6.0
02.12 10:00	-10.0	6.0
02.12 07:00	-10.0	6.0
02.12 04:00	-9.8	6.0
02.12 01:00	-8.2	6.0
01.12 22:00	-9.1	6.0
01.12 19:00	-8.9	6.0
01.12 16:00	-8.5	7.0
01.12 13:00	-6.3	6.0
01.12 10:00	-5.4	6.0
01.12 07:00	-5.0	6.0
01.12 04:00	-4.3	6.0
01.12 01:00	-3.9	6.0
30.11 22:00	-3.4	6.0
30.11 19:00	-3.1	6.0
30.11 16:00	-2.5	6.0
30.11 13:00	-2.8	6.0
30.11 10:00	-3.8	6.0
30.11 07:00	-4.1	6.0
30.11 04:00	-4.0	6.0
30.11 01:00	-4.2	6.0
29.11 22:00	-4.3	6.0
29.11 19:00	-3.9	6.0
29.11 16:00	-3.8	6.0
29.11 13:00	-3.4	6.0
29.11 10:00	-3.1	6.0
29.11 07:00	-2.7	6.0
29.11 04:00	-2.4	6.0
29.11 01:00	-2.6	6.0
28.11 22:00	-2.9	6.0
28.11 19:00	-2.7	6.0
28.11 16:00	-2.3	6.0
28.11 13:00	-1.7	6.0
28.11 10:00	-1.8	6.0
28.11 07:00	-1.8	6.0
28.11 04:00	-2.0	6.0
28.11 01:00	-1.9	6.0
27.11 22:00	-2.0	6.0
27.11 19:00	-1.6	6.0
27.11 16:00	-1.4	6.0
27.11 13:00	-1.0	6.0
27.11 10:00	-0.8	6.0
27.11 07:00	-0.9	5.0
27.11 04:00	-0.5	42.0
27.11 01:00	-0.6	5.0
26.11 22:00	-2.0	4.0
26.11 19:00	-2.2	4.0
26.11 16:00	-2.0	4.0
26.11 13:00	-1.7	4.0
26.11 10:00	-2.5	4.0
26.11 07:00	-2.3	4.0
26.11 04:00	-2.2	4.0
26.11 01:00	-1.6	5.0
25.11 22:00	-1.2	6.0
25.11 19:00	-0.4	6.0
25.11 16:00	-0.4	6.0
25.11 13:00	-0.3	6.0
25.11 10:00	1.2	6.0
25.11 07:00	1.8	6.0
25.11 04:00	1.6	6.0
25.11 01:00	2.4	6.0
24.11 22:00	2.9	6.0
24.11 19:00	3.2	6.0
24.11 16:00	4.2	6.0
24.11 13:00	5.7	6.0
24.11 10:00	5.3	6.0
24.11 07:00	5.7	6.0
24.11 04:00	4.7	6.0
24.11 01:00	4.1	6.0
23.11 22:00	4.6	6.0
23.11 19:00	2.0	6.0
23.11 16:00	1.2	6.0
23.11 13:00	1.9	6.0
23.11 10:00	3.2	6.0
23.11 07:00	3.4	6.0
23.11 01:00	4.1	7.0
22.11 22:00	3.5	7.0
22.11 19:00	4.8	7.0
22.11 16:00	5.2	7.0
22.11 13:00	5.5	8.0
22.11 10:00	6.1	8.0
22.11 07:00	5.8	9.0
22.11 04:00	6.2	8.0
22.11 01:00	6.6	10.0
21.11 22:00	6.8	11.0
21.11 19:00	6.7	13.0
21.11 16:00	6.0	14.0
21.11 13:00	0.6	15.0
21.11 10:00	0.5	15.0
21.11 07:00	0.1	15.0
21.11 04:00	-1.7	15.0
21.11 01:00	-2.4	14.0
20.11 22:00	-2.5	15.0
20.11 19:00	-2.3	15.0
20.11 16:00	-0.6	15.0
20.11 13:00	1.4	15.0
20.11 10:00	1.8	15.0
20.11 07:00	1.9	15.0
20.11 04:00	1.8	15.0
20.11 01:00	2.5	15.0
19.11 22:00	2.6	15.0
19.11 19:00	2.4	15.0
19.11 16:00	1.4	15.0
19.11 13:00	2.5	15.0
19.11 10:00	3.1	15.0
19.11 07:00	3.6	15.0
19.11 04:00	3.3	15.0
19.11 01:00	0.9	16.0
18.11 22:00	0.5	15.0
18.11 19:00	0.5	15.0
18.11 16:00	1.4	15.0
18.11 13:00	2.2	15.0
18.11 10:00	2.3	15.0
18.11 07:00	2.5	16.0
18.11 04:00	2.9	16.0
18.11 01:00	1.6	16.0
17.11 22:00	0.8	16.0
17.11 19:00	1.2	16.0
17.11 16:00	1.8	16.0
17.11 13:00	3.0	17.0
17.11 10:00	3.7	16.0
17.11 07:00	3.3	17.0
17.11 04:00	3.3	17.0
17.11 01:00	3.6	16.0
16.11 22:00	3.9	18.0
16.11 19:00	3.8	19.0
16.11 16:00	3.2	18.0
16.11 13:00	2.6	19.0
16.11 10:00	4.0	19.0
16.11 07:00	3.2	20.0
16.11 04:00	3.6	20.0
16.11 01:00	3.2	20.0
15.11 22:00	3.5	20.0
15.11 19:00	2.9	21.0
15.11 16:00	2.6	20.0
15.11 13:00	2.3	21.0
15.11 10:00	3.0	21.0
15.11 07:00	3.4	21.0
15.11 04:00	3.0	22.0
15.11 01:00	2.3	22.0
14.11 22:00	2.8	23.0
14.11 19:00	3.6	25.0
14.11 16:00	2.6	27.0
14.11 13:00	-0.7	28.0
14.11 10:00	-1.7	25.0
14.11 07:00	-3.2	26.0
14.11 04:00	-1.9	25.0
14.11 01:00	-0.8	25.0
13.11 22:00	-0.7	25.0
13.11 19:00	0.3	25.0
13.11 16:00	0.6	25.0
13.11 13:00	0.8	25.0
13.11 10:00	0.3	25.0
13.11 07:00	-0.2	26.0
13.11 04:00	-0.1	25.0
13.11 01:00	-1.8	25.0
12.11 22:00	-0.8	25.0
12.11 19:00	0.0	24.0
12.11 16:00	0	22.0
12.11 13:00	1.2	23.0
12.11 10:00	0	23.0
12.11 07:00	1.9	24.0
12.11 04:00	2.2	25.0
12.11 01:00	2.2	25.0
11.11 22:00	0.3	24.0
11.11 19:00	-0.4	25.0
11.11 16:00	-0.3	24.0
11.11 13:00	1.0	25.0
11.11 10:00	1.7	25.0
11.11 07:00	1.9	25.0
11.11 04:00	1.7	25.0
11.11 01:00	1.2	26.0
10.11 22:00	1.1	26.0
10.11 19:00	-1.1	26.0
10.11 16:00	-0.7	27.0
10.11 10:00	-2.6	27.0
10.11 07:00	-1.4	28.0
10.11 04:00	-1.0	28.0
10.11 01:00	-1.7	29.0
09.11 22:00	-3.4	29.0
09.11 19:00	-3.8	29.0
09.11 16:00	-4.0	30.0
09.11 13:00	-2.9	30.0
09.11 10:00	-3.0	30.0
09.11 07:00	-1.7	30.0
09.11 04:00	0	29.0
09.11 01:00	-0.4	27.0
08.11 22:00	0.0	27.0
08.11 19:00	0.2	27.0
08.11 16:00	-0.4	28.0
08.11 13:00	0	27.0
08.11 10:00	-0.4	24.0
08.11 07:00	-0.9	24.0
08.11 04:00	0	23.0
08.11 01:00	0	19.0
07.11 22:00	0.4	16.0
07.11 19:00	0.7	13.0
07.11 16:00	-0.5	13.0
07.11 13:00	0.1	13.0
07.11 10:00	-0.3	13.0
07.11 07:00	0.1	13.0
07.11 04:00	0.4	13.0
07.11 01:00	1.0	13.0
06.11 22:00	2.0	13.0
06.11 19:00	3.1	13.0
06.11 16:00	2.8	13.0
06.11 13:00	3.5	13.0
06.11 10:00	3.1	14.0
06.11 07:00	2.8	14.0
06.11 04:00	3.3	14.0
06.11 01:00	3.3	14.0
05.11 22:00	3.1	15.0
05.11 19:00	2.8	15.0
05.11 16:00	3.0	15.0
05.11 13:00	3.0	15.0
05.11 10:00	2.7	16.0
05.11 07:00	2.2	16.0
05.11 04:00	1.9	17.0
05.11 01:00	2.2	17.0
04.11 22:00	2.2	18.0
04.11 19:00	2.1	19.0
04.11 16:00	1.7	18.0
04.11 13:00	1.7	19.0
04.11 10:00	2.3	20.0
04.11 07:00	2.2	20.0
04.11 04:00	1.7	20.0
04.11 01:00	2.1	20.0
03.11 22:00	1.3	20.0
03.11 19:00	1.5	20.0
03.11 16:00	2.8	21.0
03.11 13:00	5.3	21.0
03.11 10:00	4.8	21.0
03.11 07:00	4.4	21.0
03.11 04:00	4.3	21.0
03.11 01:00	4.3	22.0
02.11 22:00	4.2	23.0
02.11 19:00	3.9	23.0
02.11 16:00	5.0	25.0
02.11 13:00	5.4	25.0
02.11 10:00	4.6	26.0
02.11 07:00	1.2	26.0
02.11 04:00	-2.3	
02.11 01:00	-4.2	26.0
01.11 22:00	-4.8	26.0
01.11 19:00	-4.2	26.0
01.11 16:00	-5.0	26.0
01.11 13:00	-1.6	25.0
01.11 10:00	-4.1	25.0
01.11 07:00	-3.3	25.0
01.11 04:00	-3.3	26.0
01.11 01:00	-2.1	25.0
31.10 22:00	-2.2	26.0
31.10 19:00	0.2	26.0
31.10 16:00	1.4	25.0
31.10 13:00	2.7	27.0
31.10 10:00	2.4	27.0
31.10 07:00	1.7	27.0
31.10 01:00	-1.0	26.0
30.10 13:00	-4.9	
29.10 16:00	-3.5	28.0
29.10 13:00	-1.7	28.0
29.10 10:00	-4.6	29.0
29.10 07:00	-5.1	29.0
29.10 04:00	-3.7	28.0
29.10 01:00	-3.7	29.0
28.10 22:00	-2.8	29.0
28.10 19:00	-1.0	29.0
28.10 16:00	-0.8	28.0
28.10 13:00	0.1	28.0
28.10 10:00	-0.2	30.0
28.10 07:00	0.4	30.0
28.10 04:00	0.6	31.0
28.10 01:00	0.6	31.0
27.10 22:00	0.2	31.0
27.10 19:00	0	30.0
27.10 16:00	0.4	27.0
27.10 13:00	0.2	29.0
27.10 10:00	0	27.0
27.10 07:00	0.0	25.0
27.10 04:00	0.1	24.0
27.10 01:00	0.2	21.0
26.10 22:00	0.8	22.0
26.10 19:00	1.0	23.0
26.10 16:00	1.6	24.0
26.10 13:00	2.2	25.0
26.10 10:00	0	26.0
26.10 07:00	1.6	27.0
26.10 04:00	1.4	29.0
26.10 01:00	0	28.0
25.10 22:00	0	13.0
25.10 19:00	-3.1	10.0
25.10 16:00	0	7.0
25.10 13:00	-2.1	8.0
25.10 10:00	-3.0	8.0
25.10 07:00	-4.4	9.0
25.10 04:00	-4.0	9.0
25.10 01:00	-2.3	9.0
24.10 22:00	0	8.0
24.10 19:00	0	7.0
24.10 16:00	0	
24.10 13:00	-1.0	
24.10 10:00	-0.4	
24.10 07:00	0.1	2.0
24.10 04:00	-0.9	
24.10 01:00	-0.2	
23.10 22:00	0	
23.10 19:00	0	
23.10 16:00	0.9	
23.10 13:00	2.4	
23.10 10:00	3.0	
23.10 07:00	3.3	
23.10 04:00	3.8	
23.10 01:00	3.7	
22.10 22:00	3.8	
22.10 19:00	3.5	
22.10 16:00	3.6	
22.10 13:00	3.4	
22.10 10:00	3.1	
22.10 07:00	3.0	
22.10 04:00	2.8	
22.10 01:00	3.0	
21.10 22:00	2.9	
21.10 19:00	2.5	
21.10 16:00	2.2	
21.10 13:00	2.3	
21.10 10:00	2.0	
21.10 07:00	0.6	3.0
21.10 04:00	1.0	
21.10 01:00	0.6	
20.10 22:00	0.9	
20.10 19:00	1.0	
20.10 16:00	1.2	
20.10 13:00	2.6	
20.10 10:00	1.7	
20.10 07:00	0.7	2.0
20.10 04:00	1.1	
20.10 01:00	0.5	
19.10 22:00	0.6	
19.10 19:00	0	
19.10 16:00	1.0	
19.10 13:00	2.3	
19.10 10:00	2.0	
19.10 07:00	1.5	
19.10 04:00	1.9	
19.10 01:00	1.3	
18.10 22:00	0.9	
18.10 19:00	1.2	
18.10 16:00	0.9	
18.10 13:00	1.4	
18.10 10:00	0.1	
18.10 07:00	-1.1	
18.10 04:00	-0.7	
18.10 01:00	-1.2	
17.10 22:00	-1.1	
17.10 19:00	-1.2	
17.10 16:00	-0.3	
17.10 13:00	1.2	
17.10 10:00	0.6	
17.10 07:00	0.7	
17.10 04:00	0.6	
17.10 01:00	0.8	
16.10 22:00	0.9	
16.10 19:00	0.8	
16.10 16:00	1.4	
16.10 13:00	1.7	
16.10 10:00	0.8	
16.10 07:00	0.1	
16.10 04:00	0.1	
16.10 01:00	-0.1	
15.10 22:00	-1.2	
15.10 19:00	-0.8	
15.10 16:00	1.0	
15.10 13:00	4.2	
15.10 10:00	2.2	
15.10 07:00	-1.3	
15.10 04:00	-0.6	
15.10 01:00	-0.6	
14.10 22:00	0.8	
14.10 19:00	1.4	
14.10 16:00	4.2	
14.10 13:00	8.0	
14.10 10:00	5.8	
14.10 07:00	3.8	
14.10 04:00	4.5	
14.10 01:00	5.1	
13.10 22:00	5.1	
13.10 19:00	5.4	
13.10 16:00	6.1	
13.10 13:00	6.0	
13.10 10:00	5.2	
13.10 07:00	4.4	
13.10 04:00	3.8	
13.10 01:00	3.3	
12.10 22:00	4.1	
12.10 19:00	4.1	
12.10 16:00	4.6	
12.10 13:00	4.8	
12.10 10:00	3.9	
12.10 07:00	3.0	
12.10 04:00	3.5	
12.10 01:00	3.8	
11.10 22:00	4.7	
11.10 19:00	3.0	
11.10 16:00	4.7	
11.10 13:00	6.3	
11.10 10:00	5.3	
11.10 07:00	4.4	
11.10 04:00	4.3	
11.10 01:00	4.3	
10.10 22:00	4.1	
10.10 19:00	3.9	
10.10 16:00	4.7	
10.10 13:00	5.3	
10.10 10:00	5.1	
10.10 07:00	3.9	
10.10 04:00	3.5	
10.10 01:00	3.7	
09.10 22:00	4.4	
09.10 19:00	5.6	
09.10 16:00	6.4	
09.10 13:00	7.4	
09.10 10:00	7.5	
09.10 07:00	3.7	
09.10 04:00	5.8	
09.10 01:00	6.0	
08.10 22:00	6.0	
08.10 19:00	7.0	
08.10 16:00	7.9	
08.10 13:00	9.8	
08.10 10:00	8.4	
08.10 07:00	5.6	
08.10 04:00	6.3	
08.10 01:00	5.8	
07.10 22:00	5.4	
07.10 19:00	5.5	
07.10 16:00	7.5	
07.10 13:00	9.8	
07.10 10:00	8.1	
07.10 07:00	7.4	
07.10 04:00	7.9	
07.10 01:00	8.2	
06.10 22:00	8.6	
06.10 19:00	8.8	
06.10 16:00	9.1	
06.10 13:00	9.7	
06.10 10:00	8.3	
06.10 07:00	6.6	
06.10 04:00	6.3	
06.10 01:00	6.3	
05.10 22:00	7.3	
05.10 19:00	7.9	
05.10 16:00	7.9	
05.10 13:00	8.9	
05.10 10:00	8.3	
05.10 07:00	6.4	
05.10 04:00	7.2	
05.10 01:00	7.2	
04.10 22:00	6.4	
04.10 19:00	7.5	
04.10 16:00	7.5	
04.10 13:00	9.0	
04.10 10:00	6.7	
04.10 07:00	3.3	
04.10 04:00	4.8	
04.10 01:00	4.6	
03.10 22:00	6.1	
03.10 19:00	6.8	
03.10 16:00	8.2	
03.10 13:00	7.7	
03.10 10:00	6.9	
03.10 07:00	4.8	
03.10 04:00	4.2	
03.10 01:00	3.4	
02.10 22:00	4.0	
02.10 19:00	4.6	
02.10 16:00	6.9	
02.10 13:00	9.5	
02.10 10:00	7.5	
02.10 07:00	2.4	
02.10 04:00	2.7	
02.10 01:00	3.3	
01.10 22:00	4.3	
01.10 19:00	5.7	
01.10 16:00	7.6	
01.10 13:00	9.3	
01.10 10:00	5.7	
01.10 07:00	3.2	
01.10 04:00	4.2	
01.10 01:00	6.1	
30.09 22:00	5.8	
30.09 19:00	6.4	
30.09 16:00	8.4	
30.09 13:00	8.7	
30.09 10:00	6.9	
30.09 07:00	3.4	
30.09 04:00	4.0	
30.09 01:00	3.7	
29.09 22:00	5.1	
29.09 19:00	7.0	
29.09 16:00	7.4	
29.09 13:00	7.4	
29.09 10:00	6.9	
29.09 07:00	4.6	
29.09 04:00	4.6	
29.09 01:00	4.1	
28.09 22:00	3.8	
28.09 19:00	3.3	
28.09 16:00	5.5	
28.09 13:00	7.1	
28.09 10:00	6.1	
28.09 07:00	3.9	
28.09 04:00	2.5	
28.09 01:00	5.2	
27.09 22:00	5.6	
27.09 19:00	3.1	
27.09 16:00	5.9	
27.09 13:00	8.2	
27.09 10:00	5.5	
27.09 07:00	0.5	
27.09 04:00	1.3	
27.09 01:00	2.6	
26.09 22:00	4.8	
26.09 19:00	5.8	
26.09 16:00	6.5	
26.09 13:00	6.5	
26.09 10:00	5.4	
26.09 07:00	4.8	
26.09 04:00	4.7	
26.09 01:00	4.8	
25.09 22:00	5.5	
25.09 19:00	4.4	
25.09 16:00	6.1	
25.09 13:00	7.9	
25.09 10:00	5.7	
25.09 07:00	1.8	
25.09 04:00	2.2	
25.09 01:00	2.5	
24.09 22:00	3.8	
24.09 19:00	4.5	
24.09 16:00	7.9	
24.09 13:00	10.0	
24.09 10:00	7.5	
24.09 07:00	5.8	
24.09 04:00	5.9	
24.09 01:00	6.1	
23.09 22:00	6.4	
23.09 19:00	6.8	
23.09 16:00	7.5	
23.09 13:00	6.8	
23.09 10:00	6.0	
23.09 07:00	5.3	
23.09 04:00	5.3	
23.09 01:00	5.1	
22.09 22:00	5.1	
22.09 19:00	4.9	
22.09 16:00	6.2	
22.09 13:00	7.0	
22.09 10:00	5.9	
22.09 07:00	4.3	
22.09 04:00	3.7	
22.09 01:00	3.7	
21.09 22:00	4.5	
21.09 19:00	4.8	
21.09 16:00	6.4	
21.09 13:00	6.6	
21.09 10:00	7.0	
21.09 07:00	5.6	
21.09 04:00	5.4	
21.09 01:00	6.1	
20.09 22:00	6.3	
20.09 19:00	6.3	
20.09 16:00	6.0	
20.09 13:00	5.8	
20.09 10:00	5.0	
20.09 07:00	4.1	
20.09 04:00	4.0	
20.09 01:00	3.0	
19.09 22:00	4.6	
19.09 19:00	7.1	
19.09 16:00	8.3	
19.09 13:00	8.6	
19.09 10:00	7.6	
19.09 07:00	6.9	
19.09 04:00	6.9	
19.09 01:00	6.9	
18.09 22:00	7.1	
18.09 19:00	7.3	
18.09 16:00	7.4	
18.09 13:00	8.0	
18.09 10:00	8.3	
18.09 07:00	8.1	
18.09 04:00	7.9	
18.09 01:00	8.2	
17.09 22:00	8.4	
17.09 19:00	8.5	
17.09 16:00	10.3	
17.09 13:00	10.8	
17.09 10:00	11.7	
17.09 07:00	8.4	
17.09 04:00	8.3	
17.09 01:00	10.0	
16.09 22:00	9.6	
16.09 19:00	8.9	
16.09 16:00	9.5	
16.09 13:00	8.1	
16.09 10:00	8.4	
16.09 07:00	7.1	
16.09 04:00	5.0	
16.09 01:00	6.4	
15.09 22:00	7.6	
15.09 19:00	7.2	
15.09 16:00	8.5	
15.09 13:00	9.3	
15.09 10:00	9.2	
15.09 07:00	7.1	
15.09 04:00	6.4	
15.09 01:00	7.6	
14.09 22:00	8.9	
14.09 19:00	8.8	
14.09 16:00	9.0	
14.09 13:00	11.5	
14.09 10:00	9.4	
14.09 07:00	7.1	
14.09 04:00	6.7	
14.09 01:00	8.2	
13.09 22:00	8.2	
13.09 19:00	8.0	
13.09 16:00	12.6	
13.09 13:00	12.4	
13.09 10:00	0	
13.09 07:00	0	
13.09 04:00	4.0	
13.09 01:00	4.2	
12.09 22:00	5.2	
12.09 19:00	6.1	
12.09 16:00	9.1	
12.09 13:00	8.5	
12.09 10:00	8.3	
12.09 07:00	9.3	
12.09 04:00	14.3	
12.09 01:00	14.7	
11.09 22:00	14.1	
11.09 19:00	13.4	
11.09 16:00	14.3	
11.09 13:00	13.8	
11.09 10:00	11.7	
11.09 07:00	8.5	
11.09 04:00	6.5	
11.09 01:00	8.8	
10.09 22:00	9.9	
10.09 19:00	10.8	
10.09 16:00	10.2	
10.09 13:00	9.3	
10.09 10:00	7.7	
10.09 07:00	3.9	
10.09 04:00	2.2	
10.09 01:00	1.7	
09.09 22:00	2.9	
09.09 19:00	5.7	
09.09 16:00	7.1	
09.09 13:00	6.6	
09.09 10:00	5.6	
09.09 07:00	4.3	
09.09 04:00	4.3	
09.09 01:00	4.8	
08.09 22:00	4.5	
08.09 19:00	4.7	
08.09 16:00	5.3	
08.09 13:00	5.2	
08.09 10:00	5.6	
08.09 07:00	3.2	
08.09 04:00	2.7	
08.09 01:00	1.9	
07.09 22:00	3.7	
07.09 19:00	3.6	
07.09 13:00	5.8	
07.09 10:00	5.3	
07.09 07:00	4.7	
07.09 04:00	4.2	
07.09 01:00	4.0	
06.09 22:00	4.4	
06.09 19:00	5.8	
06.09 16:00	6.7	
06.09 13:00	7.6	
06.09 10:00	7.1	
06.09 07:00	6.9	
06.09 04:00	7.9	
06.09 01:00	7.9	
05.09 22:00	8.5	
05.09 19:00	9.1	
05.09 16:00	11.1	
05.09 13:00	11.6	
05.09 10:00	12.2	
05.09 07:00	6.3	
05.09 04:00	6.4	
05.09 01:00	6.3	
04.09 22:00	8.7	
04.09 19:00	11.0	
04.09 16:00	12.9	
04.09 13:00	11.9	
04.09 10:00	9.9	
04.09 07:00	10.7	
04.09 04:00	10.2	
04.09 01:00	10.3	
03.09 22:00	8.7	
03.09 19:00	9.3	
03.09 16:00	9.4	
03.09 13:00	9.5	
03.09 10:00	10.3	
03.09 07:00	10.3	
03.09 04:00	11.1	
03.09 01:00	11.1	
02.09 22:00	11.4	
02.09 19:00	11.8	
02.09 16:00	15.9	
02.09 13:00	16.7	
02.09 10:00	17.4	
02.09 07:00	12.6	
02.09 04:00	9.8	
02.09 01:00	9.8	
01.09 22:00	10.9	
01.09 19:00	10.7	
01.09 16:00	11.7	
01.09 13:00	12.7	
01.09 10:00	11.4	
01.09 07:00	8.9	
01.09 04:00	7.6	
01.09 01:00	7.9	
31.08 22:00	8.0	
31.08 19:00	11.7	
31.08 16:00	13.0	
31.08 13:00	12.8	
31.08 10:00	12.0	
31.08 07:00	13.0	
31.08 04:00	13.0	
31.08 01:00	15.0	
30.08 22:00	15.1	
30.08 19:00	14.8	
30.08 16:00	16.3	
30.08 13:00	16.0	
30.08 10:00	17.1	
30.08 07:00	13.1	
30.08 04:00	10.9	
30.08 01:00	12.9	
29.08 22:00	13.4	
29.08 19:00	14.3	
29.08 16:00	15.5	
29.08 13:00	14.2	
29.08 10:00	12.8	
29.08 07:00	14.3	
29.08 04:00	13.4	
29.08 01:00	14.5	
28.08 22:00	14.0	
28.08 19:00	13.7	
28.08 16:00	12.3	
28.08 13:00	11.3	
28.08 10:00	0	
28.08 07:00	0	
28.08 04:00	0	
28.08 01:00	3.4	
27.08 22:00	4.5	
27.08 19:00	6.5	
27.08 16:00	7.6	
27.08 13:00	6.7	
27.08 10:00	6.4	
27.08 07:00	5.6	
27.08 04:00	5.5	
27.08 01:00	5.6	
26.08 22:00	5.6	
26.08 19:00	7.9	
26.08 16:00	7.4	
26.08 13:00	6.2	
26.08 10:00	7.9	
26.08 07:00	8.0	
26.08 04:00	7.7	
26.08 01:00	8.2	
25.08 22:00	8.4	
25.08 19:00	9.5	
25.08 16:00	11.6	
25.08 13:00	12.6	
25.08 10:00	12.3	
25.08 07:00	9.9	
25.08 04:00	8.4	
25.08 01:00	8.9	
24.08 22:00	8.2	
24.08 19:00	9.3	
24.08 16:00	10.3	
24.08 13:00	11.2	
24.08 10:00	9.0	
24.08 07:00	6.7	
24.08 04:00	3.8	
24.08 01:00	3.9	
23.08 22:00	3.0	
23.08 19:00	7.2	
23.08 16:00	8.1	
23.08 13:00	8.5	
23.08 10:00	8.9	
23.08 07:00	5.9	
23.08 04:00	2.1	
23.08 01:00	2.2	
22.08 22:00	3.1	
22.08 19:00	6.3	
22.08 16:00	7.6	
22.08 13:00	8.2	
22.08 10:00	7.9	
22.08 07:00	6.9	
22.08 04:00	6.3	
22.08 01:00	7.0	
21.08 22:00	7.6	
21.08 19:00	8.1	
21.08 16:00	10.0	
21.08 13:00	9.6	
21.08 10:00	8.4	
21.08 07:00	6.9	
21.08 04:00	7.3	
21.08 01:00	7.5	
20.08 22:00	7.8	
20.08 19:00	9.9	
20.08 16:00	13.9	
20.08 13:00	14.5	
20.08 10:00	13.2	
20.08 07:00	8.1	
20.08 04:00	3.7	
20.08 01:00	4.7	
19.08 22:00	4.7	
19.08 19:00	9.2	
19.08 16:00	11.7	
19.08 13:00	11.9	
19.08 10:00	9.5	
19.08 07:00	9.5	
19.08 04:00	6.9	
19.08 01:00	6.8	
18.08 22:00	7.2	
18.08 19:00	8.9	
18.08 16:00	10.6	
18.08 13:00	10.5	
18.08 10:00	9.6	
18.08 07:00	9.3	
18.08 04:00	8.6	
18.08 01:00	9.0	
17.08 22:00	8.7	
17.08 19:00	9.8	
17.08 16:00	13.1	
17.08 13:00	12.8	
17.08 10:00	12.4	
17.08 07:00	9.1	
17.08 04:00	7.9	
17.08 01:00	8.2	
16.08 22:00	8.9	
16.08 19:00	10.4	
16.08 16:00	13.1	
16.08 13:00	11.7	
16.08 10:00	10.1	
16.08 07:00	8.5	
16.08 04:00	0	
16.08 01:00	0	
15.08 22:00	0	
15.08 19:00	10.0	
15.08 16:00	13.9	
15.08 13:00	14.6	
15.08 10:00	9.9	
15.08 07:00	0	
15.08 04:00	0	
15.08 01:00	0	
14.08 22:00	0	
14.08 19:00	11.0	
14.08 16:00	13.8	
14.08 13:00	14.3	
14.08 10:00	12.0	
14.08 07:00	9.2	
14.08 04:00	8.0	
14.08 01:00	0	
13.08 22:00	9.9	
13.08 19:00	12.4	
13.08 16:00	16.7	
13.08 13:00	15.8	
13.08 10:00	14.2	
13.08 07:00	12.4	
13.08 04:00	10.8	
13.08 01:00	10.8	
12.08 22:00	10.8	
12.08 19:00	12.7	
12.08 16:00	14.2	
12.08 13:00	14.5	
12.08 10:00	13.9	
12.08 07:00	11.2	
12.08 04:00	10.4	
12.08 01:00	10.2	
11.08 22:00	10.0	
11.08 19:00	9.9	
11.08 16:00	10.5	
11.08 13:00	10.8	
11.08 10:00	10.8	
11.08 07:00	10.1	
11.08 04:00	11.6	
11.08 01:00	11.1	
10.08 22:00	12.0	
10.08 19:00	13.3	
10.08 16:00	13.5	
10.08 13:00	13.7	
10.08 10:00	12.6	
10.08 07:00	10.8	
10.08 04:00	7.5	
10.08 01:00	6.0	
09.08 22:00	6.3	
09.08 19:00	11.2	
09.08 16:00	14.2	
09.08 13:00	12.3	
09.08 10:00	10.9	
09.08 07:00	10.4	
09.08 04:00	7.4	
09.08 01:00	7.9	
08.08 22:00	8.1	
08.08 19:00	9.7	
08.08 16:00	11.2	
08.08 13:00	11.2	
08.08 10:00	10.3	
08.08 07:00	9.6	
08.08 04:00	6.0	
08.08 01:00	6.1	
07.08 22:00	7.8	
07.08 19:00	10.5	
07.08 16:00	13.2	
07.08 13:00	13.8	
07.08 10:00	11.6	
07.08 07:00	9.4	
07.08 04:00	4.8	
07.08 01:00	4.0	
06.08 22:00	6.6	
06.08 19:00	8.0	
06.08 16:00	10.0	
06.08 13:00	10.1	
06.08 10:00	10.4	
06.08 07:00	7.9	
06.08 04:00	6.6	
06.08 01:00	6.4	
05.08 22:00	7.1	
05.08 19:00	8.9	
05.08 16:00	10.2	
05.08 13:00	10.5	
05.08 10:00	9.2	
05.08 07:00	8.2	
05.08 04:00	6.7	
05.08 01:00	7.1	
04.08 22:00	7.6	
04.08 19:00	8.0	
04.08 16:00	8.9	
04.08 13:00	9.0	
04.08 10:00	9.2	
04.08 07:00	9.0	
04.08 04:00	7.4	
04.08 01:00	7.3	
03.08 22:00	7.5	
03.08 19:00	8.9	
03.08 16:00	9.6	
03.08 13:00	9.8	
03.08 10:00	8.7	
03.08 07:00	9.9	
03.08 04:00	9.9	
03.08 01:00	9.6	
02.08 22:00	10.0	
02.08 19:00	11.5	
02.08 16:00	12.6	
02.08 13:00	10.8	
02.08 10:00	12.9	
02.08 07:00	11.6	
02.08 04:00	10.8	
02.08 01:00	10.8	
01.08 22:00	11.4	
01.08 19:00	11.6	
01.08 16:00	13.1	
01.08 13:00	17.2	
01.08 10:00	16.0	
01.08 07:00	12.7	
01.08 04:00	11.6	
01.08 01:00	11.2	
31.07 22:00	12.6	
31.07 19:00	13.4	
31.07 16:00	13.2	
31.07 13:00	12.8	
31.07 10:00	12.2	
31.07 07:00	11.3	
31.07 04:00	10.4	
31.07 01:00	10.4	
30.07 22:00	11.0	
30.07 19:00	13.2	
30.07 16:00	13.8	
30.07 13:00	13.3	
30.07 10:00	12.3	
30.07 07:00	11.6	
30.07 04:00	12.0	
30.07 01:00	10.6	
29.07 22:00	11.1	
29.07 19:00	12.0	
29.07 16:00	12.5	
29.07 13:00	12.5	
29.07 10:00	11.3	
29.07 07:00	9.5	
29.07 04:00	8.5	
29.07 01:00	8.5	
28.07 22:00	8.6	
28.07 19:00	9.7	
28.07 16:00	10.4	
28.07 13:00	10.9	
28.07 10:00	10.4	
28.07 07:00	10.8	
28.07 04:00	6.8	
28.07 01:00	6.7	
27.07 22:00	7.4	
27.07 19:00	10.2	
27.07 16:00	11.6	
27.07 13:00	11.7	
27.07 10:00	10.3	
27.07 07:00	10.2	
27.07 04:00	8.1	
27.07 01:00	7.5	
26.07 22:00	8.1	
26.07 19:00	8.4	
26.07 16:00	8.7	
26.07 13:00	9.6	
26.07 10:00	9.4	
26.07 07:00	8.9	
26.07 04:00	8.0	
26.07 01:00	8.7	
25.07 22:00	9.1	
25.07 19:00	9.1	
25.07 16:00	10.4	
25.07 13:00	10.0	
25.07 10:00	10.2	
25.07 07:00	10.6	
25.07 04:00	10.5	
25.07 01:00	11.7	
24.07 22:00	10.9	
24.07 19:00	10.9	
24.07 16:00	12.0	
24.07 13:00	11.1	
24.07 10:00	11.7	
24.07 07:00	11.5	
24.07 04:00	11.9	
24.07 01:00	11.8	
23.07 22:00	11.8	
23.07 19:00	13.5	
23.07 16:00	12.7	
23.07 13:00	12.6	
23.07 10:00	11.6	
23.07 07:00	11.3	
23.07 04:00	7.8	
23.07 01:00	8.0	
22.07 22:00	8.7	
22.07 19:00	9.5	
22.07 16:00	10.5	
22.07 13:00	9.9	
22.07 10:00	8.0	
22.07 07:00	7.1	
22.07 04:00	6.7	
22.07 01:00	6.6	
21.07 22:00	6.9	
21.07 19:00	7.7	
21.07 16:00	8.7	
21.07 13:00	8.7	
21.07 10:00	8.3	
21.07 07:00	7.4	
21.07 04:00	6.7	
21.07 01:00	6.7	
20.07 22:00	6.6	
20.07 19:00	7.5	
20.07 16:00	8.9	
20.07 13:00	9.2	
20.07 10:00	10.5	
20.07 07:00	9.3	
20.07 04:00	9.3	
20.07 01:00	9.1	
19.07 22:00	9.4	
19.07 19:00	10.0	
19.07 16:00	10.6	
19.07 13:00	11.1	
19.07 10:00	10.9	
19.07 07:00	10.2	
19.07 04:00	9.2	
19.07 01:00	9.3	
18.07 22:00	9.9	
18.07 19:00	10.6	
18.07 16:00	11.2	
18.07 13:00	11.7	
18.07 10:00	11.5	
18.07 07:00	9.9	
18.07 04:00	9.7	
18.07 01:00	9.7	
17.07 22:00	9.9	
17.07 19:00	10.6	
17.07 16:00	11.8	
17.07 13:00	12.9	
17.07 10:00	12.7	
17.07 07:00	11.1	
17.07 04:00	10.4	
17.07 01:00	10.1	
16.07 22:00	10.6	
16.07 19:00	10.5	
16.07 16:00	9.9	
16.07 13:00	9.9	
16.07 10:00	11.4	
16.07 07:00	11.2	
16.07 04:00	10.8	
16.07 01:00	10.6	
15.07 22:00	11.0	
15.07 19:00	12.8	
15.07 16:00	13.3	
15.07 13:00	14.2	
15.07 10:00	11.3	
15.07 07:00	11.4	
15.07 04:00	10.7	
15.07 01:00	11.2	
14.07 22:00	11.2	
14.07 19:00	11.5	
14.07 16:00	17.3	
14.07 13:00	17.8	
14.07 10:00	17.4	
14.07 07:00	17.8	
14.07 04:00	18.4	
14.07 01:00	18.0	
13.07 22:00	18.9	
13.07 19:00	19.1	
13.07 16:00	20.0	
13.07 13:00	20.5	
13.07 10:00	19.7	
13.07 07:00	19.2	
13.07 04:00	14.4	
13.07 01:00	13.1	
12.07 22:00	13.7	
12.07 19:00	17.8	
12.07 16:00	18.4	
12.07 13:00	16.1	
12.07 10:00	12.3	
12.07 07:00	10.9	
12.07 04:00	9.6	
12.07 01:00	9.3	
11.07 22:00	10.1	
11.07 19:00	14.0	
11.07 16:00	14.3	
11.07 13:00	15.0	
11.07 10:00	12.4	
11.07 07:00	9.6	
11.07 04:00	6.3	
11.07 01:00	5.6	
10.07 22:00	7.7	
10.07 19:00	11.6	
10.07 16:00	12.7	
10.07 13:00	12.2	
10.07 10:00	11.4	
10.07 07:00	9.1	
10.07 04:00	5.3	
10.07 01:00	4.2	
09.07 22:00	5.8	
09.07 19:00	7.8	
09.07 16:00	9.2	
09.07 13:00	8.6	
09.07 10:00	8.2	
09.07 07:00	7.5	
09.07 04:00	6.1	
09.07 01:00	6.0	
08.07 22:00	6.6	
08.07 19:00	8.1	
08.07 16:00	9.5	
08.07 13:00	9.4	
08.07 10:00	9.4	
08.07 07:00	7.8	
08.07 04:00	7.1	
08.07 01:00	8.5	
07.07 22:00	8.3	
07.07 19:00	9.1	
07.07 16:00	11.1	
07.07 13:00	11.1	
07.07 10:00	9.7	
07.07 07:00	8.7	
07.07 04:00	7.4	
07.07 01:00	6.9	
06.07 22:00	7.4	
06.07 19:00	8.4	
06.07 16:00	8.3	
06.07 13:00	9.2	
06.07 10:00	8.5	
06.07 07:00	10.1	
06.07 04:00	14.6	
06.07 01:00	17.0	
05.07 22:00	17.9	
05.07 19:00	19.6	
05.07 16:00	20.0	
05.07 13:00	20.4	
05.07 10:00	17.7	
05.07 07:00	12.9	
05.07 04:00	7.2	
05.07 01:00	5.5	
04.07 22:00	7.5	
04.07 19:00	9.8	
04.07 16:00	11.2	
04.07 13:00	11.4	
04.07 10:00	9.1	
04.07 07:00	6.8	
04.07 04:00	5.6	
04.07 01:00	5.4	
03.07 22:00	5.8	
03.07 19:00	6.6	
03.07 16:00	8.2	
03.07 13:00	6.8	
03.07 10:00	6.8	
03.07 07:00	6.6	
03.07 04:00	7.1	
03.07 01:00	8.0	
02.07 22:00	8.8	
02.07 19:00	0	
02.07 16:00	12.5	
02.07 13:00	13.9	
02.07 10:00	13.6	
02.07 07:00	12.5	51.0
02.07 04:00	11.7	
02.07 01:00	10.3	4.0
01.07 22:00	12.0	
01.07 19:00	14.9	12.0
01.07 16:00	15.8	
01.07 13:00	13.1	51.0
01.07 10:00	17.8	
01.07 07:00	15.5	
01.07 04:00	13.3	
01.07 01:00	11.8	
30.06 22:00	12.4	3.0
30.06 19:00	14.1	2.0
30.06 16:00	14.0	
30.06 13:00	13.5	4.0
30.06 10:00	12.7	2.0
30.06 07:00	12.0	
30.06 04:00	9.2	
30.06 01:00	6.1	
29.06 22:00	7.9	
29.06 19:00	11.0	
29.06 16:00	11.9	
29.06 13:00	12.0	
29.06 10:00	10.1	
29.06 07:00	7.6	
29.06 04:00	4.1	2.0
29.06 01:00	2.8	3.0
28.06 22:00	5.2	
28.06 19:00	7.1	
28.06 16:00	9.3	
28.06 13:00	8.5	
28.06 10:00	6.7	
28.06 07:00	7.1	
28.06 04:00	4.8	2.0
28.06 01:00	3.1	2.0
27.06 22:00	5.9	
27.06 19:00	6.6	
27.06 16:00	8.0	
27.06 13:00	9.1	
27.06 10:00	7.2	
27.06 07:00	6.7	
27.06 04:00	5.7	
27.06 01:00	5.7	
26.06 22:00	6.3	3.0
26.06 19:00	7.7	
26.06 16:00	8.2	3.0
26.06 13:00	8.0	
26.06 10:00	7.3	2.0
26.06 07:00	6.4	
26.06 04:00	0	2.0
26.06 01:00	0	
25.06 22:00	8.0	
25.06 19:00	8.9	
25.06 16:00	11.1	
25.06 13:00	11.2	
25.06 10:00	10.8	
25.06 07:00	10.4	
25.06 04:00	7.7	
25.06 01:00	6.9	
24.06 22:00	9.7	
24.06 19:00	12.8	
24.06 16:00	14.0	
24.06 13:00	14.0	
24.06 10:00	14.2	
24.06 07:00	12.1	
24.06 04:00	8.1	
24.06 01:00	6.6	
23.06 22:00	8.9	
23.06 19:00	12.7	
23.06 16:00	13.4	
23.06 13:00	14.1	
23.06 10:00	13.0	
23.06 07:00	10.4	
23.06 04:00	7.2	
23.06 01:00	7.8	
22.06 22:00	8.7	
22.06 19:00	9.6	
22.06 16:00	11.0	
22.06 13:00	11.4	
22.06 10:00	8.4	8.0
22.06 07:00	5.7	10.0
22.06 04:00	5.1	2.0
22.06 01:00	5.0	6.0
21.06 22:00	5.4	11.0
21.06 19:00	6.1	6.0
21.06 16:00	7.0	7.0
21.06 13:00	6.6	7.0
21.06 10:00	7.2	7.0
21.06 07:00	6.2	5.0
21.06 04:00	5.8	6.0
21.06 01:00	5.9	7.0
20.06 22:00	6.5	3.0
20.06 19:00	6.9	6.0
20.06 16:00	7.4	8.0
20.06 13:00	7.2	7.0
20.06 10:00	7.6	6.0
20.06 07:00	7.1	10.0
20.06 04:00	7.2	7.0
20.06 01:00	7.4	8.0
19.06 22:00	7.9	4.0
19.06 19:00	8.9	8.0
19.06 16:00	11.9	
19.06 13:00	10.9	7.0
19.06 10:00	10.7	6.0
19.06 07:00	9.0	43.0
19.06 04:00	8.8	7.0
19.06 01:00	8.4	5.0
18.06 22:00	12.0	7.0
18.06 19:00	13.2	7.0
18.06 16:00	13.1	7.0
18.06 13:00	13.2	7.0
18.06 10:00	16.1	5.0
18.06 07:00	17.2	7.0
18.06 04:00	13.4	
18.06 01:00	14.8	
17.06 19:00	16.2	7.0
17.06 16:00	17.6	7.0
17.06 13:00	18.0	6.0
17.06 10:00	17.4	5.0
17.06 07:00	14.1	
17.06 04:00	8.9	3.0
17.06 01:00	7.4	
16.06 22:00	9.9	4.0
16.06 19:00	13.0	3.0
16.06 16:00	14.3	3.0
16.06 13:00	14.1	
16.06 10:00	11.7	3.0
16.06 07:00	10.3	2.0
16.06 04:00	6.5	2.0
16.06 01:00	4.8	
15.06 22:00	7.5	3.0
15.06 19:00	8.2	
15.06 16:00	8.1	
15.06 13:00	7.5	
15.06 10:00	6.8	4.0
15.06 07:00	6.3	
15.06 04:00	6.8	3.0
15.06 01:00	7.1	
14.06 22:00	7.5	2.0
14.06 19:00	9.5	
14.06 16:00	9.6	
14.06 13:00	9.5	2.0
14.06 10:00	8.2	1.0
14.06 07:00	9.0	2.0
14.06 04:00	5.5	2.0
14.06 01:00	4.5	2.0
13.06 22:00	6.6	
13.06 19:00	7.3	2.0
13.06 16:00	8.4	3.0
13.06 13:00	8.3	
13.06 10:00	9.4	2.0
13.06 07:00	7.4	1.0
13.06 04:00	5.9	4.0
13.06 01:00	6.1	1.0
12.06 22:00	6.5	1.0
12.06 19:00	7.1	2.0
12.06 16:00	8.7	3.0
12.06 13:00	8.7	1.0
12.06 10:00	9.9	3.0
12.06 07:00	8.6	
12.06 04:00	6.9	2.0
12.06 01:00	6.3	2.0
11.06 22:00	8.0	1.0
11.06 19:00	9.3	
11.06 16:00	9.3	1.0
11.06 13:00	8.2	2.0
11.06 10:00	7.9	
11.06 07:00	7.6	1.0
11.06 04:00	6.7	
11.06 01:00	7.5	1.0
10.06 22:00	9.5	
10.06 19:00	11.3	
10.06 16:00	11.3	
10.06 13:00	11.4	
10.06 10:00	9.0	
10.06 07:00	7.2	
10.06 04:00	5.8	
10.06 01:00	5.4	
09.06 22:00	5.9	
09.06 19:00	6.4	1.0
09.06 16:00	8.9	
09.06 13:00	8.0	
09.06 10:00	5.5	
09.06 07:00	3.4	
09.06 04:00	3.1	
09.06 01:00	3.0	
08.06 22:00	4.1	1.0
08.06 19:00	5.2	
08.06 16:00	6.6	
08.06 13:00	6.9	
08.06 10:00	8.2	
08.06 07:00	6.3	
08.06 04:00	4.2	
08.06 01:00	2.9	
07.06 22:00	4.5	
07.06 19:00	5.9	
07.06 16:00	5.1	
07.06 13:00	5.0	
07.06 10:00	3.9	
07.06 07:00	4.7	
07.06 04:00	3.9	
07.06 01:00	4.2	
06.06 22:00	5.0	
06.06 19:00	6.7	
06.06 16:00	8.5	
06.06 13:00	11.3	
06.06 10:00	12.1	
06.06 07:00	11.5	
06.06 04:00	8.5	
06.06 01:00	8.4	
05.06 22:00	10.4	
05.06 19:00	14.5	
05.06 16:00	15.7	
05.06 13:00	15.0	
05.06 10:00	12.9	
05.06 07:00	10.8	
05.06 04:00	8.6	
05.06 01:00	8.6	
04.06 22:00	11.3	
04.06 19:00	13.1	
04.06 16:00	16.2	
04.06 13:00	15.7	
04.06 10:00	15.1	
04.06 07:00	12.9	
04.06 04:00	8.9	1.0
04.06 01:00	8.6	
03.06 22:00	10.8	
03.06 19:00	12.7	
03.06 16:00	14.5	
03.06 13:00	13.9	
03.06 10:00	12.0	
03.06 07:00	9.6	
03.06 04:00	6.5	
03.06 01:00	5.1	
02.06 22:00	6.3	
02.06 19:00	9.1	
02.06 16:00	9.9	
02.06 13:00	10.0	
02.06 10:00	8.7	
02.06 07:00	7.2	
02.06 04:00	5.1	
02.06 01:00	6.1	
01.06 22:00	6.8	
01.06 19:00	7.7	
01.06 16:00	8.4	
01.06 13:00	8.4	
01.06 10:00	8.6	
01.06 07:00	5.5	
01.06 04:00	3.0	
01.06 01:00	0.9	
31.05 22:00	3.1	
31.05 19:00	5.7	
31.05 16:00	6.5	
31.05 13:00	6.6	
31.05 10:00	3.1	3.0
31.05 07:00	2.2	3.0
31.05 04:00	1.4	3.0
31.05 01:00	0.7	3.0
30.05 22:00	0.6	4.0
30.05 19:00	2.8	4.0
30.05 16:00	3.8	4.0
30.05 13:00	4.4	5.0
30.05 10:00	2.2	7.0
30.05 07:00	1.4	4.0
30.05 04:00	0.2	7.0
30.05 01:00	0.2	4.0
29.05 22:00	0.3	4.0
29.05 19:00	0.6	3.0
29.05 16:00	3.5	4.0
29.05 13:00	5.7	5.0
29.05 10:00	2.8	8.0
29.05 07:00	1.1	6.0
29.05 04:00	0	2.0
29.05 01:00	1.0	3.0
28.05 22:00	1.4	4.0
28.05 19:00	0	5.0
28.05 16:00	0.7	1.0
28.05 13:00	2.4	1.0
28.05 10:00	1.9	1.0
28.05 07:00	1.0	1.0
28.05 04:00	1.6	1.0
28.05 01:00	2.7	1.0
27.05 22:00	3.9	
27.05 19:00	5.9	
27.05 16:00	7.6	
27.05 13:00	10.9	
27.05 10:00	12.9	
27.05 07:00	8.8	
27.05 04:00	8.0	
27.05 01:00	7.9	
26.05 22:00	8.1	
26.05 19:00	7.5	
26.05 16:00	7.7	
26.05 13:00	7.0	
26.05 10:00	6.2	
26.05 07:00	5.9	
26.05 04:00	6.1	
26.05 01:00	6.4	
25.05 22:00	6.2	1.0
25.05 19:00	6.6	
25.05 16:00	6.7	
25.05 13:00	7.6	
25.05 10:00	10.1	
25.05 07:00	11.3	
25.05 04:00	11.1	
25.05 01:00	11.1	
24.05 22:00	9.9	1.0
24.05 19:00	8.4	
24.05 16:00	8.2	
24.05 13:00	6.1	
24.05 10:00	7.7	1.0
24.05 07:00	9.7	
24.05 04:00	6.7	
24.05 01:00	4.6	1.0
23.05 22:00	5.4	2.0
23.05 19:00	8.9	
23.05 16:00	10.8	
23.05 13:00	10.6	
23.05 10:00	8.1	
23.05 07:00	6.5	
23.05 04:00	2.6	2.0
23.05 01:00	1.4	2.0
22.05 22:00	3.5	1.0
22.05 19:00	5.9	
22.05 16:00	6.1	
22.05 13:00	5.4	
22.05 10:00	4.4	
22.05 07:00	4.2	6.0
22.05 04:00	2.8	6.0
22.05 01:00	2.4	6.0
21.05 22:00	2.6	6.0
21.05 19:00	4.3	6.0
21.05 16:00	3.6	6.0
21.05 13:00	5.6	6.0
21.05 10:00	3.2	6.0
21.05 07:00	1.9	7.0
21.05 04:00	1.6	6.0
21.05 01:00	1.4	7.0
20.05 22:00	2.5	7.0
20.05 19:00	3.2	7.0
20.05 16:00	3.7	5.0
20.05 13:00	3.7	5.0
20.05 10:00	5.0	5.0
20.05 07:00	4.0	5.0
20.05 04:00	4.2	5.0
20.05 01:00	3.4	5.0
19.05 22:00	4.2	5.0
19.05 19:00	4.1	6.0
19.05 16:00	5.7	6.0
19.05 13:00	4.5	6.0
19.05 10:00	5.8	5.0
19.05 07:00	4.4	6.0
19.05 04:00	4.2	6.0
19.05 01:00	4.6	6.0
18.05 22:00	5.5	6.0
18.05 19:00	6.1	7.0
18.05 16:00	6.8	7.0
18.05 13:00	6.3	7.0
18.05 10:00	7.7	6.0
18.05 07:00	6.4	7.0
18.05 04:00	5.7	7.0
18.05 01:00	5.2	7.0
17.05 22:00	6.6	7.0
17.05 19:00	9.6	7.0
17.05 16:00	11.2	9.0
17.05 13:00	11.5	11.0
17.05 10:00	10.9	13.0
17.05 07:00	8.4	15.0
17.05 04:00	5.1	16.0
17.05 01:00	5.0	16.0
16.05 22:00	7.6	15.0
16.05 19:00	10.1	15.0
16.05 16:00	12.2	16.0
16.05 13:00	13.6	17.0
16.05 10:00	13.6	19.0
16.05 07:00	11.0	21.0
16.05 04:00	5.6	22.0
16.05 01:00	4.6	21.0
15.05 22:00	5.3	22.0
15.05 19:00	9.9	21.0
15.05 16:00	11.0	22.0
15.05 13:00	10.8	23.0
15.05 10:00	9.2	26.0
15.05 07:00	8.8	27.0
15.05 04:00	6.3	28.0
15.05 01:00	5.6	28.0
14.05 22:00	6.9	29.0
14.05 19:00	6.0	29.0
14.05 16:00	5.7	30.0
14.05 13:00	6.8	31.0
14.05 10:00	6.3	33.0
14.05 07:00	7.2	35.0
14.05 04:00	4.9	36.0
14.05 01:00	3.1	36.0
13.05 22:00	2.9	36.0
13.05 19:00	4.8	36.0
13.05 16:00	5.8	36.0
13.05 13:00	3.3	37.0
13.05 10:00	3.1	38.0
13.05 07:00	0.9	37.0
13.05 04:00	-0.2	37.0
13.05 01:00	0.7	37.0
12.05 22:00	-0.2	37.0
12.05 19:00	1.5	37.0
12.05 16:00	1.0	37.0
12.05 13:00	-1.1	36.0
12.05 10:00	2.7	36.0
12.05 07:00	0.0	39.0
12.05 04:00	0	35.0
12.05 01:00	-0.4	35.0
11.05 22:00	-0.1	35.0
11.05 19:00	1.0	35.0
11.05 16:00	3.2	35.0
11.05 13:00	3.1	36.0
11.05 10:00	4.5	36.0
11.05 07:00	2.8	37.0
11.05 04:00	3.3	37.0
11.05 01:00	3.0	37.0
10.05 22:00	2.9	37.0
10.05 19:00	4.7	37.0
10.05 16:00	4.4	38.0
10.05 13:00	5.1	39.0
10.05 10:00	4.1	39.0
10.05 07:00	6.0	42.0
10.05 04:00	3.3	43.0
10.05 01:00	3.5	43.0
09.05 22:00	4.7	43.0
09.05 19:00	6.3	43.0
09.05 16:00	7.2	43.0
09.05 13:00	8.6	43.0
09.05 10:00	7.3	46.0
09.05 07:00	4.1	47.0
09.05 04:00	3.2	47.0
09.05 01:00	2.8	48.0
08.05 22:00	2.2	48.0
08.05 19:00	2.2	49.0
08.05 16:00	1.6	49.0
08.05 13:00	3.2	49.0
08.05 10:00	4.1	50.0
08.05 07:00	3.7	50.0
08.05 04:00	2.0	51.0
08.05 01:00	2.8	51.0
07.05 22:00	3.3	52.0
07.05 19:00	3.2	53.0
07.05 16:00	3.0	53.0
07.05 13:00	3.6	55.0
07.05 10:00	2.2	56.0
07.05 07:00	1.3	56.0
07.05 04:00	0.5	56.0
07.05 01:00	0.6	56.0
06.05 22:00	1.1	56.0
06.05 19:00	1.5	57.0
06.05 16:00	2.9	56.0
06.05 13:00	3.1	58.0
06.05 10:00	1.4	57.0
06.05 07:00	1.2	57.0
06.05 04:00	0.5	58.0
06.05 01:00	1.5	58.0
05.05 22:00	2.0	58.0
05.05 19:00	3.8	58.0
05.05 16:00	4.5	58.0
05.05 13:00	5.5	60.0
05.05 10:00	4.8	61.0
05.05 07:00	3.0	61.0
05.05 04:00	-1.9	61.0
05.05 01:00	-1.8	61.0
04.05 22:00	0.0	61.0
04.05 19:00	2.8	61.0
04.05 16:00	4.1	60.0
04.05 13:00	4.7	61.0
04.05 10:00	3.2	61.0
04.05 07:00	1.8	60.0
04.05 04:00	-3.4	61.0
04.05 01:00	-2.8	60.0
03.05 22:00	-1.3	60.0
03.05 19:00	0.7	63.0
03.05 16:00	1.8	61.0
03.05 13:00	1.8	62.0
03.05 10:00	0.8	62.0
03.05 07:00	0.1	63.0
03.05 04:00	-0.6	64.0
03.05 01:00	-0.4	62.0
02.05 22:00	0.8	62.0
02.05 19:00	1.9	62.0
02.05 16:00	1.7	62.0
02.05 13:00	2.1	61.0
02.05 10:00	1.9	64.0
02.05 07:00	1.8	63.0
02.05 04:00	1.7	64.0
02.05 01:00	2.4	64.0
01.05 22:00	1.5	67.0
01.05 19:00	1.2	68.0
01.05 16:00	0.5	67.0
01.05 13:00	0.8	66.0
01.05 10:00	-0.7	65.0
01.05 07:00	-1.7	65.0
01.05 04:00	-1.1	67.0
01.05 01:00	-2.2	64.0
30.04 22:00	-2.1	62.0
30.04 19:00	-0.8	60.0
30.04 16:00	0	60.0
30.04 13:00	3.0	59.0
30.04 10:00	4.7	61.0
30.04 07:00	5.4	63.0
30.04 04:00	3.8	64.0
30.04 01:00	4.0	65.0
29.04 22:00	3.8	66.0
29.04 19:00	3.1	67.0
29.04 16:00	4.1	67.0
29.04 13:00	3.0	67.0
29.04 10:00	3.0	68.0
29.04 07:00	0.5	68.0
29.04 04:00	0.8	68.0
29.04 01:00	1.1	68.0
28.04 22:00	0.9	68.0
28.04 19:00	1.6	67.0
28.04 16:00	3.2	68.0
28.04 13:00	3.7	69.0
28.04 10:00	3.5	69.0
28.04 07:00	3.7	69.0
28.04 04:00	3.2	70.0
28.04 01:00	3.3	70.0
27.04 22:00	3.3	70.0
27.04 19:00	4.3	71.0
27.04 16:00	6.4	71.0
27.04 13:00	8.8	72.0
27.04 10:00	7.3	74.0
27.04 07:00	6.9	74.0
27.04 04:00	5.6	74.0
27.04 01:00	6.9	74.0
26.04 22:00	7.3	74.0
26.04 19:00	8.7	74.0
26.04 16:00	9.7	75.0
26.04 13:00	8.1	
26.04 10:00	7.4	78.0
26.04 07:00	5.4	78.0
26.04 04:00	3.1	79.0
26.04 01:00	3.5	79.0
25.04 22:00	3.8	79.0
25.04 19:00	5.4	79.0
25.04 16:00	6.8	80.0
25.04 13:00	6.4	81.0
25.04 10:00	6.6	82.0
25.04 07:00	3.1	83.0
25.04 04:00	2.2	84.0
25.04 01:00	1.6	84.0
24.04 22:00	2.0	84.0
24.04 19:00	3.1	84.0
24.04 16:00	4.9	84.0
24.04 13:00	5.1	85.0
24.04 10:00	5.4	85.0
24.04 07:00	2.2	86.0
24.04 04:00	-0.6	86.0
24.04 01:00	-1.2	
23.04 22:00	-0.6	86.0
23.04 19:00	2.7	86.0
23.04 16:00	5.0	86.0
23.04 13:00	5.3	87.0
23.04 10:00	4.2	88.0
23.04 07:00	1.9	89.0
23.04 04:00	-1.2	89.0
23.04 01:00	-1.9	90.0
22.04 22:00	-0.3	90.0
22.04 19:00	2.2	89.0
22.04 16:00	3.4	89.0
22.04 13:00	3.9	91.0
22.04 10:00	3.8	91.0
22.04 07:00	1.2	91.0
22.04 04:00	0.0	91.0
22.04 01:00	0.4	92.0
21.04 22:00	1.8	92.0
21.04 19:00	3.1	92.0
21.04 16:00	5.7	92.0
21.04 13:00	5.1	93.0
21.04 10:00	4.4	93.0
21.04 07:00	1.9	93.0
21.04 04:00	-4.0	94.0
21.04 01:00	-3.4	94.0
20.04 22:00	-1.1	94.0
20.04 19:00	1.8	94.0
20.04 16:00	4.2	94.0
20.04 13:00	4.3	94.0
20.04 10:00	2.9	94.0
20.04 07:00	-0.3	94.0
20.04 04:00	-6.1	95.0
20.04 01:00	-4.3	95.0
19.04 22:00	-2.5	95.0
19.04 19:00	0.5	95.0
19.04 16:00	3.9	94.0
19.04 13:00	3.3	95.0
19.04 10:00	1.3	95.0
19.04 07:00	-1.1	95.0
19.04 04:00	-3.6	95.0
19.04 01:00	-3.8	96.0
18.04 22:00	-2.6	95.0
18.04 19:00	-0.1	96.0
18.04 16:00	1.5	95.0
18.04 13:00	2.6	95.0
18.04 10:00	1.8	96.0
18.04 07:00	0.1	96.0
18.04 04:00	-3.4	96.0
18.04 01:00	-4.0	96.0
17.04 22:00	-2.3	96.0
17.04 19:00	0.4	96.0
17.04 16:00	3.2	96.0
17.04 13:00	3.4	95.0
17.04 10:00	1.8	95.0
17.04 07:00	-0.2	96.0
17.04 04:00	-1.3	96.0
17.04 01:00	-0.7	96.0
16.04 22:00	-0.6	96.0
16.04 19:00	0.8	97.0
16.04 16:00	2.4	96.0
16.04 13:00	2.3	96.0
16.04 10:00	1.1	97.0
16.04 07:00	-1.1	97.0
16.04 04:00	-2.5	97.0
16.04 01:00	-2.9	97.0
15.04 22:00	-3.8	97.0
15.04 19:00	-0.7	97.0
15.04 16:00	3.4	96.0
15.04 13:00	2.8	96.0
15.04 10:00	1.0	96.0
15.04 07:00	-2.0	97.0
15.04 04:00	-5.1	97.0
15.04 01:00	-4.8	97.0
14.04 22:00	-3.2	97.0
14.04 19:00	-0.3	97.0
14.04 16:00	2.2	97.0
14.04 13:00	3.4	97.0
14.04 10:00	2.5	96.0
14.04 07:00	0.2	96.0
14.04 04:00	-1.9	97.0
14.04 01:00	-1.5	98.0
13.04 22:00	-1.2	97.0
13.04 19:00	-0.4	98.0
13.04 16:00	1.4	98.0
13.04 13:00	1.7	98.0
13.04 10:00	3.0	99.0
13.04 07:00	0	99.0
13.04 04:00	-0.2	99.0
13.04 01:00	-0.7	99.0
12.04 22:00	1.3	98.0
12.04 19:00	1.2	98.0
12.04 16:00	2.1	99.0
12.04 13:00	3.2	100.0
12.04 10:00	2.0	102.0
12.04 07:00	0.5	104.0
12.04 04:00	-0.4	104.0
12.04 01:00	0.0	102.0
11.04 22:00	0	101.0
11.04 19:00	0.9	101.0
11.04 16:00	1.5	101.0
11.04 13:00	1.0	101.0
11.04 10:00	0.5	101.0
11.04 07:00	0.0	101.0
11.04 04:00	-0.2	102.0
11.04 01:00	-0.5	102.0
10.04 22:00	-1.8	102.0
10.04 19:00	0.2	103.0
10.04 16:00	2.2	102.0
10.04 13:00	4.0	102.0
10.04 10:00	2.3	103.0
10.04 07:00	-0.6	103.0
10.04 04:00	-5.1	104.0
10.04 01:00	-4.9	104.0
09.04 22:00	-3.1	105.0
09.04 19:00	-1.0	105.0
09.04 16:00	1.4	105.0
09.04 13:00	1.5	104.0
09.04 10:00	0.0	105.0
09.04 07:00	-3.0	106.0
09.04 04:00	-4.9	106.0
09.04 01:00	-5.9	105.0
08.04 22:00	-4.8	106.0
08.04 19:00	-2.7	107.0
08.04 16:00	1.4	107.0
08.04 13:00	0.4	108.0
08.04 10:00	0.2	111.0
08.04 07:00	-2.1	112.0
08.04 04:00	-3.4	113.0
08.04 01:00	0	111.0
07.04 22:00	-2.6	108.0
07.04 19:00	-2.2	108.0
07.04 16:00	1.5	108.0
07.04 13:00	2.2	
07.04 10:00	0.3	111.0
07.04 07:00	-1.9	114.0
07.04 04:00	-3.0	115.0
07.04 01:00	0	134.0
06.04 22:00	-4.5	108.0
06.04 19:00	-4.3	105.0
06.04 16:00	-2.6	108.0
06.04 13:00	-3.4	109.0
06.04 10:00	-2.8	107.0
06.04 07:00	0	107.0
06.04 04:00	-4.7	105.0
06.04 01:00	-5.3	106.0
05.04 22:00	0	107.0
05.04 19:00	-4.3	103.0
05.04 16:00	0	104.0
05.04 13:00	0	104.0
05.04 10:00	-4.0	104.0
05.04 07:00	-4.5	101.0
05.04 04:00	-5.4	100.0
05.04 01:00	0	100.0
04.04 22:00	-5.0	100.0
04.04 19:00	-4.4	95.0
04.04 16:00	-3.4	89.0
04.04 13:00	0	84.0
04.04 10:00	0	85.0
04.04 07:00	-2.5	84.0
04.04 04:00	0	82.0
04.04 01:00	0	77.0
03.04 22:00	0	73.0
03.04 19:00	-3.4	73.0
03.04 16:00	-1.4	
03.04 13:00	-1.4	73.0
03.04 10:00	-2.9	73.0
03.04 07:00	-5.8	73.0
03.04 04:00	-8.3	74.0
03.04 01:00	-7.8	73.0
02.04 22:00	-7.1	74.0
02.04 19:00	-5.8	74.0
02.04 16:00	-2.0	73.0
02.04 13:00	-1.6	73.0
02.04 10:00	-3.3	73.0
02.04 07:00	-6.2	74.0
02.04 04:00	-7.4	74.0
02.04 01:00	-7.2	74.0
01.04 22:00	-7.2	74.0
01.04 19:00	-4.6	74.0
01.04 16:00	0.0	74.0
01.04 13:00	-0.1	74.0
01.04 10:00	-0.8	74.0
01.04 07:00	-4.0	75.0
01.04 04:00	-4.9	75.0
01.04 01:00	-5.0	75.0
31.03 22:00	-5.2	76.0
31.03 19:00	-3.3	76.0
31.03 16:00	0.2	76.0
31.03 13:00	-0.4	75.0
31.03 10:00	-2.1	76.0
31.03 07:00	-3.6	76.0
31.03 04:00	-4.1	76.0
31.03 01:00	-3.6	73.0
30.03 22:00	-2.8	68.0
30.03 19:00	-3.8	69.0
30.03 16:00	-1.4	68.0
30.03 13:00	-1.3	68.0
30.03 10:00	-2.7	68.0
30.03 07:00	-4.1	68.0
30.03 04:00	-5.3	69.0
30.03 01:00	-4.7	69.0
29.03 22:00	-3.5	69.0
29.03 19:00	-2.5	69.0
29.03 16:00	1.3	68.0
29.03 13:00	1.9	68.0
29.03 10:00	0.2	69.0
29.03 07:00	-1.2	69.0
29.03 04:00	0.0	69.0
29.03 01:00	1.2	69.0
28.03 22:00	0.6	70.0
28.03 19:00	1.8	69.0
28.03 16:00	3.3	69.0
28.03 13:00	3.1	69.0
28.03 10:00	2.1	70.0
28.03 07:00	2.7	70.0
28.03 04:00	3.5	71.0
28.03 01:00	3.0	71.0
27.03 22:00	3.7	72.0
27.03 19:00	4.0	74.0
27.03 16:00	3.9	76.0
27.03 13:00	3.1	80.0
27.03 10:00	3.0	81.0
27.03 07:00	2.4	83.0
27.03 04:00	2.6	83.0
27.03 01:00	1.1	84.0
26.03 22:00	0.7	84.0
26.03 19:00	0.6	84.0
26.03 16:00	1.0	85.0
26.03 13:00	1.6	87.0
26.03 10:00	0	88.0
26.03 07:00	0.3	89.0
26.03 04:00	0	88.0
26.03 01:00	0	88.0
25.03 22:00	-0.3	86.0
25.03 19:00	-0.3	87.0
25.03 16:00	0	81.0
25.03 13:00	0.5	82.0
25.03 10:00	-0.4	80.0
25.03 07:00	-0.4	76.0
25.03 04:00	-1.4	78.0
25.03 01:00	0	73.0
24.03 22:00	-0.6	73.0
24.03 19:00	0.3	73.0
24.03 16:00	0	72.0
24.03 13:00	0	69.0
24.03 10:00	1.7	70.0
24.03 07:00	1.2	70.0
24.03 04:00	0.8	70.0
24.03 01:00	1.2	70.0
23.03 22:00	0.6	70.0
23.03 19:00	1.4	70.0
23.03 16:00	2.5	70.0
23.03 13:00	1.9	70.0
23.03 10:00	3.1	70.0
23.03 07:00	2.0	70.0
23.03 04:00	1.0	70.0
23.03 01:00	0.6	70.0
22.03 22:00	0.9	70.0
22.03 19:00	1.2	71.0
22.03 16:00	3.1	71.0
22.03 13:00	3.4	73.0
22.03 10:00	1.5	74.0
22.03 07:00	-1.9	73.0
22.03 04:00	0	72.0
22.03 01:00	-2.7	71.0
21.03 10:00	-2.4	71.0
21.03 07:00	-6.1	72.0
21.03 04:00	-5.6	71.0
21.03 01:00	-4.4	72.0
20.03 22:00	-4.8	71.0
20.03 19:00	-3.0	72.0
20.03 16:00	1.5	71.0
20.03 13:00	1.9	71.0
20.03 10:00	-0.4	72.0
20.03 07:00	-4.5	72.0
20.03 04:00	-4.9	72.0
20.03 01:00	-3.3	72.0
19.03 22:00	-2.5	72.0
19.03 19:00	-1.2	73.0
19.03 16:00	1.5	72.0
19.03 13:00	2.2	72.0
19.03 10:00	1.2	73.0
19.03 07:00	-1.7	73.0
19.03 04:00	-0.2	73.0
19.03 01:00	1.0	74.0
18.03 22:00	0.4	
18.03 19:00	0.9	
18.03 16:00	1.0	75.0
18.03 13:00	2.5	75.0
18.03 10:00	0.8	75.0
18.03 07:00	-1.6	77.0
18.03 04:00	-1.3	75.0
18.03 01:00	-2.3	74.0
17.03 22:00	0	73.0
17.03 19:00	-3.8	74.0
17.03 16:00	-2.2	75.0
17.03 13:00	-1.5	73.0
17.03 10:00	-1.7	75.0
17.03 07:00	-1.4	71.0
17.03 04:00	-2.1	69.0
17.03 01:00	-0.5	70.0
16.03 22:00	0	70.0
16.03 19:00	0.7	70.0
16.03 16:00	1.9	70.0
16.03 13:00	2.1	71.0
16.03 10:00	2.2	72.0
16.03 07:00	2.5	73.0
16.03 04:00	1.8	74.0
16.03 01:00	5.0	76.0
15.03 22:00	3.9	79.0
15.03 19:00	5.5	81.0
15.03 16:00	5.8	85.0
15.03 13:00	4.0	88.0
15.03 10:00	2.9	90.0
15.03 07:00	-0.1	90.0
15.03 04:00	-0.6	90.0
15.03 01:00	-1.3	91.0
14.03 22:00	-1.0	92.0
14.03 19:00	-1.4	
14.03 16:00	-0.2	91.0
14.03 13:00	0.2	92.0
14.03 10:00	0.0	94.0
14.03 07:00	-1.0	92.0
14.03 04:00	-1.8	92.0
14.03 01:00	0	92.0
13.03 22:00	0	88.0
13.03 19:00	-0.2	90.0
13.03 16:00	0	88.0
13.03 13:00	-0.9	85.0
13.03 10:00	-1.1	85.0
13.03 07:00	-3.8	84.0
13.03 04:00	-2.8	83.0
13.03 01:00	-2.7	85.0
12.03 22:00	-2.1	85.0
12.03 19:00	-0.7	82.0
12.03 16:00	1.4	83.0
12.03 13:00	0	84.0
12.03 10:00	0.5	84.0
12.03 07:00	0	84.0
12.03 04:00	0	79.0
12.03 01:00	0	76.0
11.03 22:00	0	74.0
11.03 19:00	0	69.0
11.03 16:00	0	63.0
11.03 13:00	1.2	58.0
11.03 10:00	0.3	62.0
11.03 07:00	-0.2	61.0
11.03 04:00	0	61.0
11.03 01:00	-0.2	60.0
10.03 22:00	0	58.0
10.03 19:00	0	53.0
10.03 16:00	1.0	50.0
10.03 13:00	2.6	51.0
10.03 10:00	1.8	51.0
10.03 07:00	1.1	51.0
10.03 04:00	1.6	51.0
10.03 01:00	0.8	51.0
09.03 22:00	2.7	51.0
09.03 19:00	3.4	51.0
09.03 16:00	4.7	52.0
09.03 13:00	2.8	53.0
09.03 10:00	2.0	
09.03 07:00	1.4	54.0
09.03 04:00	0.5	
09.03 01:00	0.9	52.0
08.03 22:00	0.6	52.0
08.03 19:00	0.4	52.0
08.03 16:00	1.6	53.0
08.03 13:00	2.0	53.0
08.03 10:00	1.1	53.0
08.03 07:00	0.3	53.0
08.03 04:00	-0.1	53.0
08.03 01:00	0.0	53.0
07.03 22:00	-0.5	53.0
07.03 19:00	-0.2	53.0
07.03 16:00	-0.2	53.0
07.03 13:00	-0.3	53.0
07.03 10:00	-1.4	53.0
07.03 07:00	-5.9	53.0
07.03 04:00	-4.9	52.0
07.03 01:00	-3.5	53.0
06.03 22:00	-3.6	53.0
06.03 19:00	-3.3	53.0
06.03 16:00	-2.2	53.0
06.03 13:00	-1.1	53.0
06.03 10:00	-3.3	53.0
06.03 07:00	-5.1	53.0
06.03 04:00	-5.1	53.0
06.03 01:00	-4.4	53.0
05.03 22:00	-3.8	53.0
05.03 19:00	-3.2	53.0
05.03 16:00	-2.0	53.0
05.03 13:00	-1.3	53.0
05.03 10:00	-2.6	53.0
05.03 07:00	-4.0	54.0
05.03 04:00	-3.1	54.0
05.03 01:00	-2.2	54.0
04.03 22:00	-1.7	54.0
04.03 19:00	-1.4	54.0
04.03 16:00	-0.8	54.0
04.03 13:00	1.1	53.0
04.03 10:00	-2.3	54.0
04.03 07:00	-5.6	54.0
04.03 04:00	-5.3	54.0
04.03 01:00	-5.9	54.0
03.03 22:00	-5.0	55.0
03.03 19:00	-4.1	55.0
03.03 16:00	-0.8	55.0
03.03 13:00	1.3	55.0
03.03 10:00	-0.6	55.0
03.03 07:00	-1.2	56.0
03.03 04:00	-1.6	56.0
03.03 01:00	-1.0	56.0
02.03 22:00	-1.0	57.0
02.03 19:00	-0.3	57.0
02.03 16:00	-0.4	56.0
02.03 13:00	0.0	56.0
02.03 10:00	0	55.0
02.03 07:00	0.4	55.0
02.03 04:00	0	55.0
02.03 01:00	1.5	57.0
01.03 22:00	0.2	55.0
01.03 19:00	1.9	51.0
01.03 16:00	2.7	53.0
01.03 13:00	3.6	57.0
01.03 10:00	1.1	60.0
01.03 07:00	1.3	60.0
01.03 04:00	1.7	61.0
01.03 01:00	1.9	62.0
29.02 22:00	1.2	63.0
29.02 19:00	0.3	63.0
29.02 16:00	0.1	61.0
29.02 13:00	-0.5	59.0
29.02 10:00	-0.3	62.0
29.02 07:00	0	58.0
29.02 04:00	0	59.0
29.02 01:00	-1.2	57.0
28.02 22:00	-0.9	58.0
28.02 19:00	-0.2	57.0
28.02 16:00	0	55.0
28.02 13:00	0	55.0
28.02 10:00	0	54.0
28.02 07:00	0.1	52.0
28.02 04:00	0.1	53.0
28.02 01:00	0	53.0
27.02 22:00	0.1	53.0
27.02 19:00	0.2	53.0
27.02 16:00	0.1	54.0
27.02 13:00	-0.1	55.0
27.02 10:00	-0.2	57.0
27.02 07:00	-1.8	57.0
27.02 04:00	-3.0	58.0
27.02 01:00	-2.8	58.0
26.02 22:00	-2.2	58.0
26.02 19:00	-2.4	58.0
26.02 16:00	-2.0	60.0
26.02 13:00	-0.5	60.0
26.02 10:00	-2.9	62.0
26.02 07:00	-3.3	59.0
26.02 04:00	-3.5	59.0
26.02 01:00	0	57.0
25.02 22:00	-4.1	55.0
25.02 19:00	-2.6	55.0
25.02 16:00	-2.9	55.0
25.02 13:00	-3.3	54.0
25.02 10:00	0	50.0
25.02 07:00	-5.6	50.0
25.02 04:00	-5.4	49.0
25.02 01:00	-5.8	49.0
24.02 22:00	-6.2	50.0
24.02 19:00	-6.4	51.0
24.02 16:00	-5.8	51.0
24.02 13:00	-2.0	52.0
24.02 10:00	-3.3	52.0
24.02 07:00	-3.5	53.0
24.02 04:00	-3.3	53.0
24.02 01:00	-3.5	53.0
23.02 22:00	-3.4	
23.02 19:00	-2.7	50.0
23.02 16:00	-2.0	52.0
23.02 13:00	0	52.0
23.02 10:00	0	48.0
23.02 07:00	-3.4	48.0
23.02 04:00	-5.4	48.0
23.02 01:00	-5.5	48.0
22.02 22:00	-4.2	49.0
22.02 19:00	-3.6	50.0
22.02 16:00	-2.8	50.0
22.02 13:00	-1.5	51.0
22.02 10:00	-2.3	51.0
22.02 07:00	-2.5	52.0
22.02 04:00	-2.9	52.0
22.02 01:00	-2.0	52.0
21.02 22:00	-1.5	53.0
21.02 19:00	-2.2	52.0
21.02 16:00	-1.5	52.0
21.02 13:00	0	52.0
21.02 10:00	-1.2	46.0
21.02 07:00	-2.3	43.0
21.02 04:00	-2.6	30.0
21.02 01:00	-2.5	30.0
20.02 22:00	-2.1	30.0
20.02 19:00	-2.7	30.0
20.02 16:00	-2.1	30.0
20.02 13:00	-2.2	30.0
20.02 10:00	-3.8	31.0
20.02 07:00	-4.0	31.0
20.02 04:00	-3.4	31.0
20.02 01:00	-2.9	31.0
19.02 22:00	-3.2	31.0
19.02 19:00	-3.2	31.0
19.02 16:00	-2.6	31.0
19.02 13:00	0	27.0
19.02 10:00	-0.3	26.0
19.02 07:00	0	26.0
19.02 04:00	2.0	26.0
19.02 01:00	1.6	26.0
18.02 22:00	0.3	26.0
18.02 19:00	-0.8	26.0
18.02 16:00	-0.8	27.0
18.02 13:00	-0.7	
18.02 10:00	-1.4	27.0
18.02 07:00	-0.8	27.0
18.02 04:00	-0.6	27.0
18.02 01:00	-0.2	28.0
17.02 22:00	-0.4	28.0
17.02 19:00	-1.8	27.0
17.02 16:00	0.2	26.0
17.02 13:00	0.0	27.0
17.02 10:00	0.4	27.0
17.02 07:00	-0.1	27.0
17.02 04:00	-1.6	27.0
17.02 01:00	-3.2	27.0
16.02 22:00	-2.6	27.0
16.02 19:00	-3.0	28.0
16.02 16:00	-3.5	28.0
16.02 13:00	0	27.0
16.02 10:00	-1.9	25.0
16.02 07:00	-3.2	26.0
16.02 04:00	-4.5	26.0
16.02 01:00	-3.5	26.0
15.02 22:00	-3.8	27.0
15.02 19:00	-4.6	27.0
15.02 16:00	-4.6	26.0
15.02 13:00	-4.1	26.0
15.02 10:00	-5.6	26.0
15.02 07:00	-5.5	27.0
15.02 04:00	-3.5	28.0
15.02 01:00	-3.1	28.0
14.02 22:00	-2.6	28.0
14.02 19:00	-3.0	28.0
14.02 16:00	-2.6	28.0
14.02 13:00	-2.1	30.0
14.02 10:00	-4.1	32.0
14.02 07:00	-4.6	32.0
14.02 04:00	0	33.0
14.02 01:00	0	31.0
13.02 22:00	-3.1	30.0
13.02 19:00	-2.5	30.0
13.02 16:00	-2.0	30.0
13.02 13:00	-2.0	31.0
13.02 10:00	-2.7	31.0
13.02 07:00	-3.2	31.0
13.02 04:00	-3.9	32.0
13.02 01:00	-3.5	33.0
12.02 22:00	-3.3	34.0
12.02 19:00	-3.2	34.0
12.02 16:00	-2.6	32.0
12.02 13:00	-1.1	31.0
12.02 10:00	-1.6	25.0
12.02 07:00	-1.0	26.0
12.02 04:00	0	21.0
12.02 01:00	0.2	15.0
11.02 22:00	0.1	13.0
11.02 19:00	0.3	12.0
11.02 16:00	0.7	13.0
11.02 13:00	0.2	12.0
11.02 10:00	0.6	11.0
11.02 07:00	2.4	10.0
11.02 04:00	3.1	11.0
11.02 01:00	3.7	11.0
10.02 22:00	4.0	12.0
10.02 19:00	4.2	14.0
10.02 16:00	4.8	14.0
10.02 13:00	5.3	16.0
10.02 10:00	3.4	17.0
10.02 07:00	2.5	17.0
10.02 04:00	3.0	17.0
10.02 01:00	3.2	17.0
09.02 22:00	3.7	17.0
09.02 19:00	2.6	17.0
09.02 16:00	3.3	
09.02 13:00	3.5	18.0
09.02 10:00	3.2	18.0
09.02 07:00	3.5	18.0
09.02 04:00	3.2	18.0
09.02 01:00	3.5	18.0
08.02 22:00	3.6	18.0
08.02 19:00	3.6	18.0
08.02 16:00	4.0	18.0
08.02 13:00	4.0	18.0
08.02 10:00	3.5	18.0
08.02 07:00	1.7	18.0
08.02 04:00	1.2	18.0
08.02 01:00	0.8	18.0
07.02 22:00	-0.4	18.0
07.02 19:00	-1.3	18.0
07.02 16:00	-3.1	18.0
07.02 13:00	-5.1	18.0
07.02 10:00	-7.8	18.0
07.02 07:00	-9.5	18.0
07.02 04:00	-11.3	18.0
07.02 01:00	-12.3	18.0
06.02 22:00	-13.7	18.0
06.02 19:00	-15.2	18.0
06.02 16:00	-16.2	18.0
06.02 13:00	-16.4	18.0
06.02 10:00	-17.6	18.0
06.02 07:00	-18.2	18.0
06.02 04:00	-17.7	18.0
06.02 01:00	-17.1	18.0
05.02 22:00	-16.7	18.0
05.02 19:00	-16.2	18.0
05.02 16:00	-15.2	18.0
05.02 13:00	-12.6	18.0
05.02 10:00	-12.5	18.0
05.02 07:00	-11.3	18.0
05.02 04:00	-9.7	18.0
05.02 01:00	-8.7	18.0
04.02 22:00	-9.4	18.0
04.02 19:00	-8.9	18.0
04.02 16:00	-7.9	18.0
04.02 13:00	-6.9	18.0
04.02 10:00	-7.2	18.0
04.02 07:00	-6.6	18.0
04.02 04:00	-6.6	18.0
04.02 01:00	-6.4	18.0
03.02 22:00	-6.6	18.0
03.02 19:00	-6.5	18.0
03.02 16:00	-6.1	18.0
03.02 13:00	-5.7	18.0
03.02 10:00	-6.2	18.0
03.02 07:00	-5.9	18.0
03.02 04:00	-6.8	18.0
03.02 01:00	-6.9	18.0
02.02 22:00	-6.3	18.0
02.02 19:00	-5.6	18.0
02.02 16:00	-5.8	18.0
02.02 13:00	-6.4	18.0
02.02 10:00	-7.1	18.0
02.02 07:00	-6.8	18.0
02.02 01:00	-5.0	18.0
01.02 22:00	-3.9	18.0
01.02 19:00	-2.3	18.0
01.02 16:00	-1.9	18.0
01.02 10:00	-1.9	18.0
01.02 04:00	-2.4	18.0
31.01 22:00	-2.9	18.0
31.01 19:00	-3.7	18.0
31.01 16:00	-4.8	18.0
31.01 13:00	-5.1	18.0
31.01 10:00	-5.5	18.0
31.01 07:00	-6.2	18.0
31.01 04:00	-7.0	18.0
31.01 01:00	-6.9	18.0
30.01 22:00	-7.0	18.0
30.01 19:00	-7.1	18.0
30.01 16:00	-7.2	18.0
30.01 13:00	-7.0	18.0
30.01 10:00	-7.2	18.0
30.01 07:00	-7.7	18.0
30.01 04:00	-7.9	18.0
30.01 01:00	-7.6	18.0
29.01 22:00	-7.4	18.0
29.01 19:00	-7.3	18.0
29.01 16:00	-6.9	18.0
29.01 13:00	-6.7	18.0
29.01 10:00	-6.8	18.0
29.01 07:00	-6.7	18.0
29.01 04:00	-6.9	18.0
29.01 01:00	-6.6	18.0
28.01 22:00	-6.6	18.0
28.01 19:00	-5.9	18.0
28.01 16:00	-5.6	18.0
28.01 13:00	-4.9	18.0
28.01 10:00	-4.8	18.0
28.01 07:00	-4.3	18.0
28.01 04:00	-3.7	18.0
28.01 01:00	-3.4	18.0
27.01 22:00	-3.3	18.0
27.01 19:00	-3.4	18.0
27.01 16:00	-2.3	18.0
27.01 13:00	-1.6	18.0
27.01 10:00	-2.0	18.0
27.01 07:00	-2.2	18.0
27.01 04:00	-3.1	18.0
27.01 01:00	-2.7	18.0
26.01 22:00	-2.3	18.0
26.01 19:00	-3.0	18.0
26.01 16:00	-3.1	18.0
26.01 13:00	-2.8	18.0
26.01 07:00	-1.7	18.0
26.01 04:00	-2.8	18.0
26.01 01:00	-3.6	18.0
25.01 22:00	-3.4	18.0
25.01 19:00	-3.1	18.0
25.01 16:00	-2.6	18.0
25.01 13:00	-2.6	18.0
25.01 10:00	-3.1	18.0
25.01 07:00	-3.0	18.0
25.01 04:00	-3.6	18.0
25.01 01:00	-3.4	18.0
24.01 22:00	-3.5	18.0
24.01 19:00	-3.4	18.0
24.01 16:00	-3.6	18.0
24.01 13:00	-4.4	18.0
24.01 10:00	-5.7	18.0
24.01 07:00	-6.8	18.0
24.01 04:00	-8.0	18.0
24.01 01:00	-8.2	18.0
23.01 22:00	-7.7	18.0
23.01 19:00	-7.0	18.0
23.01 16:00	-6.9	18.0
23.01 13:00	-6.2	18.0
23.01 10:00	-7.4	18.0
23.01 07:00	-7.6	18.0
23.01 04:00	-8.9	18.0
22.01 22:00	-7.3	18.0
22.01 19:00	-6.9	18.0
22.01 16:00	-6.2	18.0
22.01 13:00	-6.4	18.0
22.01 10:00	-6.5	18.0
22.01 07:00	-6.9	19.0
22.01 04:00	-5.0	18.0
22.01 01:00	-4.5	18.0
21.01 22:00	-5.0	18.0
21.01 19:00	-4.4	18.0
21.01 16:00	-4.6	18.0
21.01 13:00	-4.8	18.0
21.01 10:00	-5.5	18.0
21.01 07:00	-5.8	18.0
21.01 04:00	-5.5	18.0
21.01 01:00	-4.8	18.0
20.01 22:00	-4.2	18.0
20.01 19:00	-4.4	18.0
20.01 16:00	-4.0	18.0
20.01 13:00	-4.5	18.0
20.01 10:00	-4.1	18.0
20.01 07:00	-3.6	18.0
20.01 04:00	-3.2	18.0
20.01 01:00	-2.8	18.0
19.01 22:00	-2.6	18.0
19.01 19:00	-2.1	18.0
19.01 16:00	-1.5	18.0
19.01 13:00	-0.9	18.0
19.01 10:00	-1.5	18.0
19.01 07:00	-1.8	18.0
19.01 04:00	-1.0	18.0
19.01 01:00	-0.5	18.0
18.01 22:00	0.0	18.0
18.01 19:00	0.7	18.0
18.01 16:00	-1.1	19.0
18.01 13:00	1.9	18.0
18.01 10:00	2.2	18.0
18.01 07:00	2.9	18.0
18.01 04:00	2.7	18.0
18.01 01:00	3.0	19.0
17.01 22:00	2.6	18.0
17.01 19:00	2.2	18.0
17.01 16:00	1.8	19.0
17.01 13:00	1.1	19.0
17.01 10:00	1.4	19.0
17.01 07:00	1.4	19.0
17.01 04:00	2.6	19.0
17.01 01:00	2.2	17.0
16.01 22:00	2.0	20.0
16.01 19:00	1.0	19.0
16.01 16:00	0.2	17.0
16.01 13:00	0.2	20.0
16.01 10:00	-0.1	18.0
16.01 07:00	0.2	18.0
16.01 04:00	1.2	18.0
16.01 01:00	2.1	18.0
15.01 22:00	2.1	19.0
15.01 19:00	3.0	18.0
15.01 16:00	3.2	20.0
15.01 13:00	3.1	22.0
15.01 10:00	2.5	21.0
15.01 07:00	1.7	21.0
15.01 04:00	0.5	21.0
15.01 01:00	-0.7	22.0
14.01 22:00	-1.0	22.0
14.01 19:00	-3.4	21.0
14.01 16:00	-3.5	21.0
14.01 13:00	-4.1	22.0
14.01 10:00	-4.0	22.0
14.01 04:00	-3.8	22.0
14.01 01:00	-4.2	23.0
13.01 22:00	-5.2	22.0
13.01 19:00	-5.4	23.0
13.01 16:00	-4.6	24.0
13.01 13:00	-4.8	19.0
13.01 10:00	-5.3	19.0
13.01 07:00	-6.5	19.0
13.01 04:00	-7.1	18.0
13.01 01:00	-8.3	19.0
12.01 22:00	-8.3	19.0
12.01 19:00	-6.8	19.0
12.01 16:00	-5.4	19.0
12.01 13:00	-4.8	19.0
12.01 10:00	-5.1	19.0
12.01 07:00	-5.7	19.0
12.01 04:00	-4.7	19.0
12.01 01:00	-2.7	19.0
11.01 22:00	-2.2	19.0
11.01 19:00	-1.4	19.0
11.01 16:00	-1.1	19.0
11.01 13:00	-2.3	19.0
11.01 10:00	-0.1	19.0
11.01 07:00	-0.6	19.0
11.01 04:00	-1.6	19.0
11.01 01:00	-1.9	19.0
10.01 22:00	-3.2	19.0
10.01 19:00	-4.0	19.0
10.01 16:00	-4.1	19.0
10.01 13:00	-5.5	19.0
10.01 10:00	-5.1	19.0
10.01 07:00	-4.6	19.0
10.01 04:00	-3.1	19.0
10.01 01:00	-2.8	19.0
09.01 22:00	-5.1	20.0
09.01 19:00	-5.5	19.0
09.01 16:00	-6.2	19.0
09.01 13:00	-5.4	19.0
09.01 10:00	-5.5	18.0
09.01 07:00	-4.6	19.0
09.01 04:00	-3.2	19.0
09.01 01:00	-2.6	20.0
08.01 22:00	-1.8	19.0
08.01 19:00	-2.1	18.0
08.01 16:00	0	15.0
08.01 13:00	-3.9	16.0
08.01 10:00	-4.2	15.0
08.01 07:00	-4.2	15.0
08.01 04:00	-4.4	15.0
08.01 01:00	-5.3	15.0
07.01 22:00	-5.6	16.0
07.01 19:00	-4.9	15.0
07.01 16:00	-5.1	16.0
07.01 13:00	-5.2	16.0
07.01 10:00	-6.1	16.0
07.01 07:00	-5.4	15.0
07.01 04:00	-6.3	15.0
07.01 01:00	-7.2	15.0
06.01 22:00	-8.2	15.0
06.01 19:00	-8.7	16.0
06.01 16:00	-8.1	16.0
06.01 13:00	-8.3	16.0
06.01 10:00	-9.1	15.0
06.01 07:00	-8.1	15.0
06.01 04:00	-8.1	15.0
06.01 01:00	-8.6	16.0
05.01 22:00	-8.1	15.0
05.01 19:00	-8.1	16.0
05.01 16:00	-7.3	15.0
05.01 13:00	-8.4	15.0
05.01 10:00	-7.3	15.0
05.01 07:00	-4.1	15.0
05.01 04:00	-4.8	16.0
05.01 01:00	-3.9	15.0
04.01 22:00	-3.6	16.0
04.01 19:00	-1.8	15.0
04.01 16:00	-1.3	15.0
04.01 13:00	-0.9	16.0
04.01 10:00	0.3	15.0
04.01 07:00	0.4	15.0
04.01 04:00	0.2	15.0
04.01 01:00	-0.1	15.0
03.01 22:00	-1.6	15.0
03.01 19:00	-2.6	15.0
03.01 16:00	-0.7	15.0
03.01 13:00	-1.5	
03.01 10:00	-0.1	
03.01 07:00	-0.2	15.0
03.01 04:00	0.5	15.0
03.01 01:00	0.1	15.0
02.01 22:00	-0.3	15.0
02.01 19:00	0.5	15.0
02.01 16:00	0.0	15.0
02.01 13:00	0.6	16.0
02.01 10:00	1.2	16.0
02.01 07:00	1.0	17.0
02.01 04:00	0.8	20.0
02.01 01:00	1.3	21.0
01.01 22:00	1.7	21.0
01.01 19:00	0.4	21.0
01.01 16:00	-0.2	21.0
01.01 13:00	-0.1	21.0
01.01 10:00	0.6	23.0
01.01 07:00	-0.4	24.0
01.01 04:00	-1.2	24.0
01.01 01:00	-5.6	23.0
