01.01	 -6.75	33.0
02.01	 -8.70	32.0
03.01	 -6.38	31.0
04.01	 -6.26	31.0
05.01	-12.45	31.0
06.01	 -8.81	35.0
07.01	 -4.78	36.0
08.01	-13.84	34.0
09.01	-16.69	34.0
10.01	-11.66	33.0
11.01	 -8.56	39.0
12.01	 -7.59	38.0
13.01	-10.06	37.0
14.01	-15.71	37.0
15.01	-13.50	37.0
16.01	 -7.80	38.0
17.01	 -9.35	37.0
18.01	 -9.71	37.0
19.01	 -8.99	37.0
20.01	 -9.40	38.0
21.01	 -9.56	38.0
22.01	-13.20	38.0
23.01	-18.60	40.0
24.01	-19.36	39.0
25.01	-13.70	39.0
26.01	-12.92	43.0
27.01	-11.49	43.0
28.01	-15.50	42.0
29.01	-17.51	41.0
30.01	-16.97
31.01	-20.20	41.0
01.02	-22.02
02.02	-23.50	41.0
03.02	-26.36	42.0
04.02	-28.79	41.0
05.02	-30.80	42.0
06.02	-31.21	42.0
07.02	-27.34	41.0
08.02	-15.66	42.0
09.02	-16.90	41.0
10.02	-12.98	42.0
11.02	 -2.86	43.0
12.02	-13.72	43.0
13.02	-17.79	42.0
14.02	-11.05	45.0
15.02	-14.41	48.0
16.02	-17.35	47.0
17.02	-10.59
18.02	 -7.24	53.0
19.02	 -6.88	50.0
20.02	-11.27	52.0
21.02	 -6.51	49.0
22.02	-10.86	47.0
23.02	-11.33	50.0
24.02	-18.65	51.0
25.02	-17.16	51.0
26.02	-14.65	51.0
27.02	-15.76	50.0
28.02	 -7.03	47.0
29.02	 -9.77	46.0
01.03	 -6.79	46.0
02.03	 -3.85	47.0
03.03	 -8.99	50.0
04.03	-12.17	49.0
05.03	 -8.50	48.0
06.03	 -8.26	49.0
07.03	 -7.15	49.0
08.03	 -5.61	46.0
09.03	 -3.00	45.0
10.03	 -1.65	45.0
11.03	 -3.46	46.0
12.03	 -3.24	47.0
13.03	 -5.80	46.0
14.03	 -6.83	47.0
15.03	 -7.28	47.0
16.03	  0.63	44.0
17.03	 -6.22	45.0
18.03	 -6.70	45.0
19.03	 -9.05	45.0
20.03	 -6.73	45.0
21.03	-11.98	45.0
22.03	 -3.72	45.0
23.03	 -2.69	51.0
24.03	 -6.90	49.0
25.03	 -5.08	49.0
26.03	 -3.74	48.0
27.03	 -2.96	54.0
28.03	  0.56	55.0
29.03	 -9.64	57.0
30.03	-14.96	56.0
31.03	-10.51	55.0
01.04	-14.39	56.0
02.04	-11.84	56.0
03.04	 -8.57	58.0
04.04	 -7.71	57.0
05.04	-13.04	56.0
06.04	-13.99	56.0
07.04	 -6.65	56.0
08.04	-10.05	55.0
09.04	 -9.42	54.0
10.04	 -7.62	55.0
11.04	 -0.25	58.0
12.04	  0.19	63.0
13.04	 -2.95	58.0
14.04	 -7.15	59.0
15.04	 -5.71	59.0
16.04	 -6.97	58.0
17.04	 -9.18	58.0
18.04	 -4.72	58.0
19.04	 -3.16	57.0
20.04	 -1.09	58.0
21.04	 -1.72	58.0
22.04	 -1.55	67.0
23.04	 -0.73	64.0
24.04	  0.29	65.0
25.04	  1.30	60.0
26.04	  3.11	56.0
27.04	  1.30	52.0
28.04	  2.39	46.0
29.04	  0.59	39.0
30.04	  0.90	35.0
01.05	 -2.14	34.0
02.05	  0.80	34.0
03.05	 -1.48	32.0
04.05	 -2.44	31.0
05.05	 -0.60	31.0
06.05	 -1.94	41.0
07.05	  1.82	37.0
08.05	  1.66	32.0
09.05	  2.78	31.0
10.05	  3.34	29.0
11.05	  2.30	25.0
12.05	 -0.11	23.0
13.05	 -0.03	21.0
14.05	  0.86	20.0
15.05	  3.76	16.0
16.05	  6.72	11.0
17.05	  4.42
18.05	  4.72
19.05	  5.08
20.05	  3.57
21.05	  2.90
22.05	  3.20
23.05	  6.24
24.05	  0.60
25.05	  9.78
26.05	  7.61
27.05	 10.74
28.05	  3.66
29.05	  2.71
30.05	  2.79
31.05	  3.81
01.06	  3.76
02.06	  6.67
03.06	  9.66
04.06	  9.96
05.06	  5.60
06.06	  8.32
07.06	  4.09
08.06	  5.01
09.06	  3.37
10.06	  6.40
11.06	  7.79
12.06	 10.51
13.06	  6.27
14.06	  9.38
15.06	  9.84
16.06	  8.41
17.06	 11.60
18.06	 12.47
19.06	  8.40
20.06	  6.01
21.06	  6.44
22.06	  7.92
23.06	 12.16
24.06	 14.69
25.06	 13.49
26.06	 10.30
27.06	  6.71
28.06	  5.14
29.06	  7.72
30.06	  8.75
01.07	 10.88
02.07	 13.14
03.07	  8.49
04.07	  9.26
05.07	 14.39
06.07	 14.41
07.07	 11.28
08.07	 12.26
09.07	  7.91
10.07	 10.85
11.07	 13.64
12.07	 17.17
13.07	 16.16
14.07	 13.04
15.07	 13.97
16.07	 14.01
17.07	 11.63
18.07	 11.40
19.07	  7.90
20.07	  6.96
21.07	  8.19
22.07	  9.49
23.07	 10.70
24.07	 13.09
25.07	 11.76
26.07	 11.00
27.07	 10.32
28.07	 12.15
29.07	 12.66
30.07	 11.46
31.07	 12.84
01.08	 14.48
02.08	 11.60
03.08	 11.40
04.08	 11.31
05.08	 11.09
06.08	  9.11
07.08	  9.88
08.08	  7.44
09.08	  8.86
10.08	 12.64
11.08	 13.95
12.08	 13.43
13.08	 15.24
14.08	 15.51
15.08	 15.73
16.08	 15.98
17.08	 11.08
18.08	  9.27
19.08	  5.71
20.08	  7.90
21.08	  7.40
22.08	  6.42
23.08	  4.50
24.08	  6.20
25.08	  8.32
26.08	 10.55
27.08	  8.14
28.08	  9.05
29.08	  9.64
30.08	 10.31
31.08	  7.85
01.09	 10.29
02.09	 10.01
03.09	  9.49
04.09	  7.00
05.09	  8.85
06.09	  7.09
07.09	  4.04
11.09	  8.92
12.09	 11.44
13.09	  8.38
14.09	  5.41
15.09	  6.89
16.09	  4.95
17.09	  7.54
18.09	  6.74
19.09	  4.51
20.09	  2.92
21.09	  4.45
22.09	  2.75
23.09	  2.76
24.09	  1.89
25.09	  2.69
26.09	  1.36
27.09	  2.00
28.09	  1.30
29.09	  1.34
30.09	  2.45
01.10	  4.96
02.10	  5.85
03.10	  6.24
04.10	  5.58
05.10	  5.95
06.10	  6.01
07.10	  4.46
08.10	  4.01
09.10	  4.00
10.10	  2.48
11.10	  1.84
12.10	  1.96
13.10	  2.76
14.10	  0.69
15.10	  0.06
16.10	 -3.75
17.10	 -5.92
18.10	 -2.48
19.10	 -6.47
20.10	 -4.15
21.10	 -7.00
22.10	 -6.24
23.10	 -5.01	 2.0
24.10	 -5.29	11.0
25.10	 -8.57	 9.0
26.10	 -5.49	13.0
27.10	 -9.30	17.0
28.10	-13.70	16.0
29.10	-10.25	15.0
30.10	 -4.99	14.0
31.10	 -4.19	18.0
01.11	 -4.78	17.0
02.11	 -1.06	17.0
03.11	 -1.06	20.0
04.11	 -2.71	25.0
05.11	 -2.92	26.0
06.11	 -6.69	38.0
07.11	 -8.16	36.0
08.11	 -9.04	33.0
09.11	-14.56	32.0
10.11	 -3.56	31.0
11.11	  0.20	36.0
12.11	 -3.10	39.0
13.11	 -6.30	39.0
14.11	-10.85	38.0
15.11	 -4.91	41.0
16.11	 -7.13	41.0
17.11	-11.66	39.0
18.11	 -0.84	44.0
19.11	 -7.83
20.11	-19.05	46.0
21.11	 -5.76	48.0
22.11	 -4.14	46.0
23.11	 -5.65	44.0
24.11	 -0.79	46.0
25.11	 -1.62	46.0
26.11	 -5.29	45.0
27.11	 -5.81	46.0
28.11	-12.08	45.0
29.11	-12.94	44.0
30.11	-21.65	44.0
01.12	-23.51	43.0
02.12	-12.32	45.0
03.12	-11.01	48.0
04.12	 -7.79	49.0
05.12	-12.74	49.0
06.12	-17.50	48.0
07.12	-18.30	46.0
08.12	 -8.46	52.0
10.12	-11.08
11.12	-15.14	52.0
12.12	-12.90	52.0
13.12	 -7.14	52.0
14.12	 -7.97	55.0
15.12	 -8.13	50.0
16.12	 -9.30
17.12	 -9.39	50.0
18.12	 -8.56	50.0
19.12	-16.27	49.0
20.12	-19.86	50.0
21.12	-20.41	48.0
22.12	-23.55	50.0
23.12	-26.24	50.0
24.12	-23.86	49.0
25.12	-23.99	49.0
26.12	-27.09	49.0
27.12	-14.68	50.0
28.12	-20.56	54.0
29.12	-22.43	54.0
30.12	 -7.75	57.0
31.12	 -2.51	65.0
