08.01	 -5.17
09.01	-12.77
10.01	-16.98
11.01	-19.01
12.01	-18.23
13.01	-28.68
14.01	-23.75
15.01	-12.08
16.01	-21.64
17.01	-23.70
18.01	-30.40
19.01	-33.26
20.01	-28.18
21.01	-17.71
22.01	-20.78
23.01	-19.16
24.01	-18.80
25.01	-23.63
26.01	-20.78
27.01	-14.70
28.01	-13.54
29.01	-14.61
30.01	-15.65
31.01	-14.90
01.02	-18.90
02.02	-12.20
03.02	 -4.23
04.02	 -5.24
05.02	 -5.67
06.02	 -4.99
07.02	 -7.20
08.02	 -6.13
09.02	 -1.97
10.02	 -0.62
11.02	 -1.02
12.02	 -2.90
13.02	 -3.31
14.02	 -2.74
15.02	 -1.96
16.02	 -3.70
17.02	 -2.27
18.02	 -4.13
19.02	 -8.93
20.02	-13.21
21.02	-16.00
22.02	 -8.29
23.02	 -3.06
24.02	  1.27
25.02	  1.46
26.02	 -4.47
27.02	 -2.40
28.02	 -3.02
01.03	 -1.70
02.03	 -2.51
03.03	 -3.59
04.03	 -7.06
05.03	 -2.89
06.03	 -0.97
07.03	 -0.68
08.03	  0.29
09.03	 -0.55
10.03	  1.47
11.03	 -1.32
12.03	  0.41
13.03	 -4.80
14.03	 -2.30
15.03	 -7.66
16.03	-11.70
17.03	-18.55
18.03	-21.44
19.03	-19.38
20.03	-16.36
21.03	-11.08
22.03	 -8.99
23.03	 -5.95
24.03	 -3.90
25.03	 -5.32
26.03	 -4.46
27.03	 -1.17
28.03	  0.39
29.03	 -2.21
30.03	 -8.56
31.03	-11.33
01.04	 -5.96
02.04	 -3.44
03.04	 -9.38
04.04	 -8.18
05.04	 -3.73
06.04	 -8.59
07.04	 -9.65
08.04	-10.73
09.04	 -5.75
10.04	 -3.38
11.04	  1.26
12.04	  1.76
13.04	  0.75
14.04	  1.24
15.04	 -2.93
16.04	 -2.90
17.04	  2.49
18.04	 -0.19
19.04	  2.64
20.04	  0.58
21.04	  2.00
22.04	 -1.41
23.04	 -3.06
24.04	  1.56
25.04	  1.85
26.04	  2.07
27.04	  1.08
28.04	 -0.33
29.04	 -2.37
30.04	 -5.40
01.05	 -4.95
02.05	 -4.64
03.05	 -3.60
04.05	 -5.08
05.05	 -5.53
06.05	 -4.89
07.05	 -4.00
08.05	 -2.42
09.05	  1.29
10.05	  0.45
11.05	  1.30
12.05	  0.81
13.05	  0.53
14.05	 -2.54
15.05	 -1.48
16.05	  2.53
17.05	  4.70
18.05	  5.70
19.05	  9.91
20.05	  5.86
21.05	  5.75
22.05	  2.80
23.05	  2.42
24.05	  5.15
25.05	  2.36
26.05	  1.29
27.05	  4.30
28.05	  6.60
29.05	 10.69
30.05	 13.32
31.05	  8.19
01.06	  5.30
02.06	 10.47
03.06	 15.51
04.06	 17.69
05.06	 17.45
06.06	 19.51
07.06	 15.98
08.06	  9.24
09.06	  9.62
10.06	 10.17
11.06	 11.20
12.06	  9.49
13.06	  4.81
14.06	  7.17
15.06	  6.94
16.06	  2.34
17.06	  3.12
18.06	  6.11
19.06	  3.81
20.06	  2.24
21.06	  3.55
22.06	  5.22
23.06	  7.17
24.06	  5.07
25.06	  4.90
26.06	  4.34
27.06	  6.70
28.06	 10.47
29.06	 12.98
30.06	 14.00
01.07	 13.88
02.07	 14.83
03.07	  8.75
04.07	  6.43
05.07	 10.91
06.07	 18.15
07.07	 21.20
08.07	 22.08
09.07	 17.76
10.07	 19.61
11.07	 18.36
12.07	 19.33
13.07	 18.50
14.07	 21.46
15.07	 19.99
16.07	 13.19
17.07	 14.80
18.07	 16.35
19.07	 15.97
20.07	 18.90
21.07	 20.27
22.07	 19.90
23.07	 18.51
24.07	 18.65
25.07	 18.55
26.07	 16.30
27.07	 17.21
28.07	 15.53
29.07	  9.36
30.07	 10.61
31.07	 15.55
01.08	 15.33
02.08	 14.56
03.08	 17.67
04.08	 17.95
05.08	 19.23
06.08	 18.66
07.08	 20.10
08.08	 15.03
09.08	 10.99
10.08	  9.17
11.08	 11.54
12.08	 12.95
13.08	 13.35
14.08	 11.58
15.08	  9.68
16.08	  7.55
17.08	  7.14
18.08	  9.09
19.08	  8.46
20.08	  7.78
21.08	  6.72
22.08	  7.21
23.08	  8.18
24.08	  8.67
25.08	  8.66
26.08	 10.95
27.08	 10.17
28.08	  9.57
29.08	  9.51
30.08	  8.64
31.08	 11.16
01.09	  9.76
02.09	 10.40
03.09	 11.62
04.09	 11.05
05.09	  9.03
06.09	  8.21
07.09	  8.42
08.09	  8.41
09.09	 11.12
10.09	 10.02
11.09	 10.84
12.09	  7.62
13.09	  8.03
14.09	  7.54
15.09	  7.91
16.09	  6.37
17.09	  6.95
18.09	  4.06
19.09	  4.90
20.09	  5.40
21.09	  1.55
22.09	 -1.61
23.09	 -1.05
24.09	 -0.25
25.09	  1.48
26.09	  2.61
27.09	  3.83
28.09	  4.62
29.09	  2.74
30.09	  1.21
01.10	  1.23
02.10	  4.12
03.10	  2.72
04.10	  5.15
05.10	  6.87
06.10	  7.57
07.10	  2.84
08.10	  0.87
09.10	 -0.75
10.10	 -2.38
11.10	 -1.21
12.10	 -2.63
13.10	 -4.79
14.10	 -3.47
15.10	 -5.25
16.10	 -3.47
17.10	 -3.43
18.10	 -5.20
19.10	 -8.63
20.10	 -7.04
21.10	 -7.50
22.10	 -7.60
23.10	 -4.93
24.10	 -2.97
25.10	 -1.00
26.10	  1.76
27.10	  2.65
28.10	 -1.05
29.10	 -1.20
30.10	 -4.84
31.10	 -8.63
01.11	-10.82
02.11	 -2.23
03.11	 -0.98
04.11	 -7.17
05.11	-19.51
06.11	-15.64
07.11	-10.30
08.11	 -9.85
09.11	 -3.92
10.11	 -2.68
11.11	 -4.28
12.11	-17.51
13.11	-22.54
14.11	-17.09
15.11	-10.50
16.11	-14.05
17.11	 -8.03
18.11	 -7.24
19.11	 -6.59
20.11	-11.76
21.11	-12.92
22.11	-11.62
23.11	 -6.68
24.11	 -4.60
25.11	 -1.64
26.11	 -5.60
27.11	 -8.45
28.11	 -9.71
29.11	 -9.27
30.11	 -6.00
01.12	 -5.88
02.12	 -4.09
03.12	 -6.27
04.12	 -4.61
05.12	 -2.29
06.12	 -3.82
07.12	 -7.24
08.12	 -8.54
09.12	-16.27
10.12	 -7.25
11.12	 -1.77
12.12	 -1.47
13.12	 -2.32
14.12	 -7.41
15.12	 -3.07
16.12	 -1.67
17.12	 -6.52
18.12	 -8.97
19.12	 -8.27
20.12	 -8.37
21.12	 -8.06
22.12	-17.54
23.12	-25.65
24.12	-23.18
25.12	-18.20
26.12	-22.42
27.12	-25.41
28.12	-28.38
29.12	-22.10
30.12	 -9.39
31.12	 -2.42
