01.01	 -3.66	63.0
02.01	 -7.25	63.0
03.01	 -7.90	64.0
04.01	-15.74	64.0
05.01	-14.49	63.0
06.01	-11.68	63.0
07.01	-15.19	65.0
08.01	-11.79	64.0
09.01	-12.02	66.0
10.01	 -5.54	65.0
11.01	-10.70	65.0
12.01	 -5.69	65.0
13.01	-10.05	65.0
14.01	 -8.76	65.0
15.01	-18.80	65.0
16.01	-12.74	65.0
17.01	-16.36	64.0
18.01	-10.59	65.0
19.01	 -7.14	65.0
20.01	-10.96	65.0
21.01	 -5.07	63.0
22.01	 -9.15	66.0
23.01	 -9.85	67.0
24.01	-13.58	67.0
25.01	-27.06	66.0
26.01	-20.83	66.0
27.01	-23.42	72.0
28.01	-20.87	73.0
29.01	 -9.26	77.0
30.01	 -8.59
31.01	 -4.50	82.0
01.02	 -4.06	84.0
02.02	 -6.98	83.0
04.02	 -7.85	88.0
05.02	 -7.79	78.0
06.02	-12.25	77.0
07.02	-23.97	76.0
08.02	-23.37	76.0
09.02	-26.17
10.02	-18.39	75.0
11.02	-15.75	75.0
12.02	 -5.79	75.0
13.02	 -6.75	76.0
14.02	 -5.38	75.0
15.02	 -4.67	75.0
16.02	 -8.21	74.0
17.02	 -9.88	75.0
18.02	 -5.59	76.0
19.02	-18.22	76.0
20.02	-15.42	75.0
21.02	 -5.66	75.0
22.02	 -9.43	74.0
23.02	 -2.26	75.0
24.02	 -0.71	75.0
25.02	 -0.08	74.0
26.02	 -2.93	75.0
27.02	 -6.14	77.0
28.02	 -7.85	77.0
01.03	-18.71	81.0
02.03	-17.10	80.0
03.03	-14.21	80.0
04.03	-19.25	79.0
05.03	-18.90	79.0
06.03	-16.43	80.0
07.03	-12.59	79.0
08.03	-13.78	81.0
09.03	-18.39	80.0
10.03	-10.41	81.0
11.03	-17.38	81.0
12.03	-21.61	81.0
13.03	-21.68	80.0
14.03	-22.90	80.0
15.03	-26.97	79.0
16.03	-15.49	80.0
17.03	-10.00	79.0
18.03	 -9.79	74.0
19.03	-15.04	73.0
20.03	-13.89	73.0
21.03	-11.19	73.0
22.03	 -5.70	75.0
23.03	 -5.61	75.0
24.03	 -5.50	75.0
25.03	 -9.64	76.0
26.03	 -9.71	76.0
27.03	 -7.80	78.0
28.03	-10.73	79.0
29.03	-10.74	79.0
30.03	-10.81	79.0
31.03	 -5.19	79.0
01.04	 -7.94	78.0
02.04	 -5.65	79.0
03.04	 -7.06	83.0
04.04	 -8.85	80.0
05.04	-12.31	80.0
06.04	 -8.06	80.0
07.04	-12.75	79.0
08.04	-13.17	79.0
09.04	-13.46	80.0
10.04	 -6.60	80.0
11.04	 -3.71	80.0
12.04	 -4.85	79.0
13.04	 -2.67	80.0
14.04	 -0.57	79.0
15.04	  1.43	79.0
16.04	  0.78	75.0
17.04	 -0.03	73.0
18.04	  1.54	71.0
19.04	  0.57	66.0
20.04	 -0.06	60.0
21.04	 -0.00	58.0
22.04	  2.56	56.0
23.04	  0.64	52.0
24.04	  0.81	51.0
25.04	  0.21	49.0
26.04	 -1.90	47.0
27.04	 -1.34	46.0
28.04	 -2.69	46.0
29.04	 -0.39	46.0
30.04	  0.71	49.0
01.05	  0.37	49.0
02.05	 -0.56	47.0
03.05	  0.89	46.0
04.05	  0.28	46.0
05.05	 -0.19	45.0
06.05	  3.99	44.0
07.05	  3.98	39.0
08.05	  1.01	36.0
09.05	 -0.16	36.0
10.05	  3.10	34.0
11.05	  1.76	32.0
12.05	  1.80	31.0
13.05	  1.46	27.0
14.05	  1.88	24.0
15.05	  2.66	21.0
16.05	  7.85	16.0
17.05	 11.60	 9.0
18.05	  9.21
19.05	  4.95
20.05	  5.35
21.05	 11.24
22.05	 12.89
23.05	 10.50
24.05	 13.77
25.05	  7.17
26.05	  7.45
27.05	 14.90
28.05	 17.82
29.05	 19.04
30.05	 20.35
31.05	 21.26
01.06	 20.00
02.06	 14.70
03.06	 15.07
04.06	  7.01
05.06	  9.46
06.06	 14.80
07.06	 14.93
08.06	 14.93
09.06	 12.59
10.06	  8.28
11.06	  4.84
12.06	  4.97
13.06	 10.70
14.06	 12.76
15.06	 11.50
16.06	  8.81
17.06	  7.91
18.06	  8.59
19.06	 11.00
20.06	 11.79
21.06	 12.74
22.06	 14.72
23.06	 14.59
24.06	 17.92
25.06	 16.02
26.06	 13.14
27.06	 10.19
28.06	 13.25
29.06	 15.74
30.06	 15.01
01.07	 15.14
02.07	 15.89
03.07	 13.67
04.07	 11.88
10.07	 10.60
11.07	  8.73
12.07	  9.81
13.07	 10.58
14.07	 10.28
15.07	 11.58
16.07	 10.25
17.07	  9.38
27.08	 14.42
28.08	 11.42
01.10	  0.64
02.10	  6.05
03.10	  4.90
04.10	  3.83
05.10	  3.86
06.10	  4.69
07.10	  3.48
08.10	  0.33
09.10	  0.76
10.10	  1.88
11.10	  2.30
12.10	  4.28
13.10	  0.15
14.10	 -0.18
15.10	 -2.16
16.10	 -5.11
17.10	 -6.35
18.10	 -8.37
19.10	 -9.47
20.10	 -3.42	 2.0
21.10	 -7.81	 2.0
22.10	 -7.82
23.10	 -2.99	 3.0
24.10	 -4.38	 7.0
25.10	 -2.30	 6.0
26.10	 -4.89	 6.0
27.10	 -3.05	 8.0
28.10	  0.20	11.0
29.10	  1.86	 5.0
30.10	  0.30	 3.0
31.10	 -1.16	12.0
01.11	 -5.05	14.0
02.11	 -3.29	14.0
03.11	 -2.24	13.0
04.11	 -2.04	14.0
05.11	 -3.88	17.0
