25.01	-19.73	40.0
26.01	-13.81	42.0
27.01	 -6.10	41.0
28.01	 -3.69	40.0
29.01	 -9.12	41.0
30.01	-15.66	41.0
31.01	 -8.94	44.0
01.02	-11.20	46.0
02.02	-10.54	49.0
03.02	-10.36	55.0
04.02	-12.69	59.0
05.02	-16.76	58.0
06.02	-20.31	57.0
07.02	-22.57	57.0
08.02	-19.51	58.0
09.02	-23.12	57.0
10.02	-25.77	57.0
11.02	-12.18	61.0
12.02	-18.02	60.0
13.02	-29.65	60.0
14.02	-30.44	60.0
15.02	-31.66	60.0
16.02	-25.12	59.0
17.02	-31.52	59.0
18.02	-25.65	59.0
19.02	-25.52	58.0
20.02	-25.66	57.0
21.02	-20.42	58.0
22.02	-20.54	58.0
23.02	-20.67	57.0
24.02	-19.03	58.0
25.02	-15.55	57.0
26.02	 -5.08	58.0
27.02	 -3.60	57.0
28.02	 -2.28	58.0
01.03	 -5.08	58.0
02.03	 -2.45	57.0
03.03	 -2.40	57.0
04.03	 -5.26	57.0
05.03	 -8.46	58.0
06.03	 -8.90	57.0
07.03	 -5.88	58.0
08.03	 -0.78	57.0
09.03	 -1.45	56.0
10.03	 -4.87	64.0
11.03	-10.50	63.0
12.03	 -9.51	64.0
13.03	-15.86	63.0
14.03	-13.15	62.0
15.03	-13.41	63.0
16.03	 -7.23	62.0
17.03	 -6.84	61.0
18.03	 -6.30	52.0
19.03	 -5.89	52.0
20.03	 -6.06	52.0
21.03	 -1.34	55.0
22.03	 -4.46	56.0
23.03	 -9.89	55.0
24.03	-11.80	55.0
25.03	-11.02	56.0
26.03	-10.14	56.0
27.03	-11.98	56.0
28.03	-13.88	56.0
29.03	-17.98	56.0
30.03	-14.32	55.0
31.03	 -8.55	55.0
01.04	 -6.46	55.0
02.04	 -1.98	56.0
03.04	  2.69	56.0
04.04	  1.05	53.0
06.04	  0.10	53.0
07.04	 -0.20	53.0
08.04	 -0.34	52.0
09.04	 -1.40	52.0
10.04	 -1.90	53.0
11.04	  1.10	54.0
12.04	  0.40	53.0
13.04	  0.56	52.0
14.04	 -0.68	51.0
15.04	  3.15	51.0
16.04	  1.86	47.0
17.04	  0.35	44.0
18.04	 -0.60	42.0
19.04	 -0.95	41.0
20.04	 -0.35	40.0
21.04	 -2.09	39.0
22.04	  1.12	39.0
23.04	  1.32	39.0
24.04	  2.02	35.0
25.04	  5.39	33.0
26.04	  3.06	30.0
27.04	  1.30	27.0
28.04	  1.66	25.0
29.04	  1.91	23.0
30.04	 -0.16	22.0
01.05	 -0.57	20.0
02.05	 -0.67	20.0
03.05	 -1.51	19.0
04.05	  1.03	18.0
05.05	  2.64	18.0
06.05	  0.96	13.0
07.05	  2.35	13.0
08.05	  3.86	 9.0
09.05	  4.72	 3.0
10.05	  1.20
11.05	  1.29
12.05	  0.03
13.05	  2.06
14.05	  6.55
15.05	  7.73
16.05	  7.28
17.05	  1.11
18.05	 -0.56	 3.0
19.05	  2.56
20.05	  4.82
21.05	  6.31
22.05	  7.91
23.05	 10.43
24.05	  8.85
25.05	  6.85
26.05	  3.45
27.05	  3.59
28.05	  5.89
29.05	  7.88
30.05	  7.49
31.05	  8.88
01.06	 10.06
02.06	  9.62
03.06	 10.70
04.06	  6.96
05.06	  6.74
06.06	 12.01
07.06	 15.56
08.06	 18.99
09.06	 18.61
10.06	 18.88
11.06	 12.85
12.06	  6.64
13.06	  7.69
14.06	 11.61
15.06	 12.74
16.06	  9.53
17.06	  7.31
18.06	 10.33
19.06	 11.60
20.06	 12.39
21.06	  8.78
22.06	 10.40
23.06	 11.16
24.06	 12.66
25.06	 12.05
26.06	 12.18
27.06	 14.05
28.06	 16.94
29.06	 16.89
30.06	 16.63
01.07	 11.02
02.07	 11.06
03.07	  9.16
04.07	 13.76
05.07	 13.85
06.07	 13.19
07.07	 13.62
08.07	 18.99
09.07	 21.51
10.07	 18.77
11.07	 17.59
12.07	 10.67
13.07	  9.36
14.07	  9.11
15.07	  9.19
16.07	 12.54
17.07	  9.84
18.07	 12.60
19.07	 16.19
20.07	 18.56
21.07	 16.51
22.07	 13.55
23.07	 13.77
24.07	 12.40
25.07	 15.00
26.07	 15.54
27.07	 14.17
28.07	 13.68
29.07	 15.51
30.07	 12.92
31.07	 10.65
01.08	 16.16
02.08	 16.45
03.08	 14.60
04.08	  8.55
05.08	  9.01
06.08	  9.20
07.08	  7.97
08.08	  7.81
09.08	  7.25
10.08	  7.54
11.08	  7.06
12.08	  6.77
13.08	  8.39
14.08	 12.66
15.08	 14.24
16.08	 12.83
17.08	 13.79
18.08	 13.55
19.08	 11.71
20.08	 11.86
21.08	 10.14
22.08	 12.28
23.08	 12.84
24.08	 11.89
25.08	 11.76
26.08	 12.59
27.08	 13.49
28.08	 14.64
29.08	  9.22
30.08	  7.26
31.08	  7.03
01.09	  7.10
02.09	  8.80
03.09	  8.36
04.09	  8.93
05.09	 11.74
06.09	 13.41
07.09	 11.46
08.09	 11.26
09.09	 11.50
10.09	 11.62
11.09	 10.64
12.09	 10.40
13.09	 10.76
14.09	 10.03
15.09	  9.15
16.09	  6.66
17.09	  4.34
18.09	  5.57
19.09	  8.01
20.09	  5.80
21.09	  5.90
22.09	  4.84
23.09	  3.34
24.09	  3.94
25.09	  4.42
26.09	  5.73
27.09	  6.48
28.09	  3.41
29.09	  4.10
30.09	  5.84
01.10	  3.50
02.10	  4.31
03.10	  3.48
04.10	  3.52
05.10	  2.58
06.10	  1.54
07.10	  1.84
08.10	  0.84
09.10	 -3.18
10.10	  0.04	 2.0
11.10	 -1.91	 2.0
12.10	  1.24	 4.0
13.10	 -0.65	 3.0
14.10	 -2.85	 3.0
15.10	  0.68	 3.0
16.10	  3.62	 2.0
17.10	  3.19
18.10	  3.50
19.10	  3.03
20.10	  1.90
21.10	  2.27
22.10	 -1.56
23.10	 -1.41
24.10	 -0.11
25.10	 -1.31
26.10	 -4.24
27.10	 -0.83
28.10	  1.19
29.10	  2.01
30.10	  1.35
31.10	  0.41
01.11	  1.10
02.11	  3.23
03.11	 -1.36
04.11	 -1.71
05.11	  2.15
06.11	  3.70
07.11	  0.62
08.11	 -0.28
09.11	 -0.94
10.11	 -2.94
11.11	  1.25
12.11	 -1.57
13.11	 -2.81
14.11	 -4.40
15.11	 -3.66
16.11	  0.02	 3.0
17.11	 -6.31	 2.0
18.11	 -7.02	 2.0
19.11	-11.12	 3.0
20.11	-14.59	 2.0
21.11	-10.85	 3.0
22.11	 -5.10	 2.0
23.11	 -1.27	 2.0
24.11	 -0.77	 6.0
25.11	 -3.19	 5.0
26.11	 -4.28	12.0
27.11	-10.53	11.0
28.11	-13.75	11.0
29.11	-12.45	10.0
30.11	 -0.06	13.0
01.12	 -0.78	11.0
02.12	  0.13	11.0
03.12	 -7.65	14.0
04.12	 -2.05	15.0
05.12	 -2.24	13.0
06.12	 -4.55	16.0
07.12	 -9.61	17.0
08.12	-11.05	18.0
09.12	 -5.64	21.0
10.12	 -5.24	22.0
11.12	-10.00	25.0
12.12	-18.16	24.0
13.12	 -6.25	23.0
14.12	 -1.21	29.0
15.12	 -0.14	29.0
16.12	 -2.24	30.0
17.12	 -3.66	29.0
18.12	 -3.81	29.0
19.12	 -3.71	30.0
20.12	 -4.92	32.0
21.12	 -7.42	33.0
22.12	 -6.22	32.0
23.12	 -3.16	32.0
24.12	 -2.50
25.12	 -5.78	30.0
26.12	 -3.45	29.0
27.12	-15.81	29.0
28.12	-13.61	28.0
29.12	 -8.56	29.0
30.12	 -7.04	29.0
31.12	 -5.95	33.0
