18.01	 -5.50
19.01	 -7.29	37.0
20.01	 -7.04
21.01	 -6.33
25.01	-10.24	39.0
26.01	 -6.30	40.0
27.01	 -6.04	38.0
28.01	-21.20	51.0
29.01	-22.62	51.0
01.02	-16.79	52.0
02.02	-18.00	51.0
03.02	-13.75	54.0
04.02	-16.25	53.0
05.02	-13.76	57.0
06.02	-13.88	59.0
07.02	-15.46	57.0
08.02	 -9.49	57.0
09.02	-15.51	56.0
10.02	-16.01	59.0
11.02	-21.39	60.0
12.02	-16.51	58.0
13.02	-10.10	58.0
14.02	 -6.53	58.0
15.02	 -6.70	59.0
16.02	-12.34	58.0
17.02	-26.86	57.0
18.02	-30.79	57.0
19.02	-23.07	57.0
20.02	-27.28	57.0
21.02	-29.76	56.0
22.02	-20.26	58.0
23.02	-23.49	58.0
24.02	-28.51	59.0
25.02	-20.06	59.0
26.02	-22.95	59.0
27.02	-15.01	61.0
28.02	-23.74	61.0
01.03	-14.78	61.0
02.03	-10.75	61.0
03.03	-10.06	58.0
04.03	-18.92	58.0
05.03	 -9.54	58.0
06.03	-13.26	59.0
07.03	 -6.90	58.0
08.03	 -4.76	59.0
09.03	-10.70	58.0
10.03	-15.34	58.0
11.03	-13.60	58.0
12.03	-14.65	58.0
13.03	-16.88	57.0
14.03	-16.14	58.0
15.03	-20.19	57.0
16.03	-20.85	57.0
17.03	-20.05	58.0
18.03	-20.16	58.0
19.03	-12.85	59.0
20.03	-11.95	63.0
21.03	-14.04	61.0
22.03	-12.89	61.0
23.03	 -7.96	61.0
24.03	-11.01	60.0
25.03	-12.11	60.0
26.03	 -7.11	60.0
27.03	 -7.49	60.0
28.03	 -7.15	61.0
29.03	 -6.92	63.0
30.03	 -6.99	66.0
31.03	 -4.20	65.0
01.04	 -1.75	63.0
02.04	  1.13	62.0
03.04	 -1.12	58.0
04.04	 -2.66	58.0
05.04	 -1.89	57.0
06.04	 -2.27	57.0
07.04	 -0.29	57.0
08.04	 -0.98	57.0
09.04	  1.27	56.0
10.04	  0.47	54.0
11.04	  0.31	51.0
12.04	  3.23	50.0
13.04	 -0.04	41.0
14.04	 -1.61	36.0
15.04	  2.21	35.0
16.04	 -1.27	36.0
17.04	 -4.75	36.0
18.04	 -4.63	36.0
19.04	 -5.89	36.0
20.04	 -2.97	36.0
21.04	 -2.86	36.0
22.04	 -2.52	36.0
23.04	 -2.60	37.0
24.04	 -3.81	37.0
25.04	 -5.31	36.0
26.04	 -1.12	36.0
27.04	 -0.40	36.0
28.04	 -2.81	36.0
29.04	 -1.95	35.0
30.04	 -2.67	35.0
01.05	 -0.10	36.0
02.05	  0.45	44.0
03.05	  0.49	38.0
04.05	 -1.65	36.0
05.05	 -0.15	36.0
06.05	 -1.79	36.0
07.05	  0.41	36.0
08.05	  2.96	35.0
09.05	  2.37	32.0
10.05	  2.81	27.0
11.05	  2.51	24.0
12.05	  3.71	20.0
13.05	  5.65	14.0
14.05	  5.29	 4.0
15.05	  9.86
16.05	  9.56
17.05	 14.69
18.05	 14.11
19.05	  7.36
20.05	 11.36
21.05	  7.49
22.05	  8.76
23.05	  7.06
24.05	  3.73
25.05	  7.49
26.05	  4.01
27.05	  4.78
28.05	  5.17
29.05	  9.38
30.05	 10.11
31.05	  7.22
01.06	  5.70
02.06	 10.76
03.06	  8.74
04.06	  4.34
05.06	  2.50
06.06	  3.10
07.06	  3.22
08.06	  5.14
09.06	  9.07
10.06	  5.28
11.06	  7.76
12.06	  8.72
13.06	  7.11
14.06	  7.34
15.06	  7.53
16.06	  9.40
17.06	 10.00
18.06	 12.31
19.06	 10.25
21.06	  8.58
22.06	  7.75
23.06	  9.21
24.06	 10.91
25.06	 15.40
26.06	 14.21
27.06	  7.12
28.06	  7.79
29.06	 11.56
30.06	 13.46
01.07	  9.06
02.07	  9.41
03.07	 14.74
04.07	 14.40
05.07	 15.77
06.07	 17.56
07.07	 12.66
08.07	 14.59
09.07	 14.91
10.07	 14.01
11.07	 14.08
12.07	 14.92
13.07	 13.87
14.07	 11.76
15.07	 10.19
16.07	 11.05
17.07	 14.67
18.07	 14.91
19.07	 13.41
20.07	 12.60
21.07	 10.96
22.07	 11.79
23.07	  4.07
26.07	 13.96
27.07	 16.32
28.07	 14.56
29.07	 13.52
30.07	 14.90
31.07	 15.66
01.08	 15.92
02.08	 15.20
03.08	 13.84
04.08	 15.05
05.08	 11.97
06.08	 14.31
07.08	 16.63
08.08	 16.57
09.08	 12.40
10.08	 11.40
11.08	 10.98
12.08	  8.95
13.08	 15.41
14.08	 14.50
15.08	  7.88
16.08	  5.44
17.08	  6.22
18.08	  5.37
19.08	  6.16
20.08	  8.82
21.08	  9.24
22.08	  8.18
23.08	  5.77
24.08	  5.11
25.08	  3.95
26.08	  5.00
27.08	  5.54
28.08	  5.50
29.08	  5.70
30.08	  5.77
31.08	  6.50
01.09	  4.77
02.09	  4.16
03.09	  3.25
04.09	  5.75
05.09	  7.77
06.09	 10.48
07.09	  6.50
08.09	  8.31
09.09	  6.09
10.09	  6.92
11.09	  5.99
12.09	  9.16
13.09	  9.99
14.09	  7.36
15.09	  8.80
16.09	  8.75
17.09	  7.50
18.09	  7.49
19.09	  6.40
20.09	  6.71
21.09	  5.10
22.09	  5.19
23.09	  4.30
24.09	  3.35
25.09	  3.11
26.09	  2.24
27.09	  2.44
28.09	  4.29
29.09	  3.10
30.09	  3.14
01.10	  5.28
02.10	  2.14
03.10	  4.16
04.10	  7.42
05.10	  7.67
06.10	  6.91
07.10	  7.00
08.10	  6.70
09.10	  5.28
10.10	  1.59
11.10	 -1.03	 3.0
12.10	 -0.80	 2.0
13.10	 -0.22	 2.0
14.10	 -2.96	 7.0
15.10	 -3.42	 6.0
16.10	 -2.05	 5.0
17.10	 -0.59	 5.0
18.10	  1.44	 5.0
19.10	  1.34
20.10	  0.54	 4.0
21.10	  0.84	 2.0
22.10	 -2.62	 5.0
23.10	 -1.36	 7.0
24.10	 -1.21	 7.0
25.10	 -1.79	 7.0
26.10	 -6.53	 6.0
27.10	 -5.95	 7.0
28.10	 -2.17	17.0
29.10	 -7.58	18.0
30.10	-13.89	18.0
31.10	 -4.46	22.0
01.11	 -0.62	22.0
02.11	 -3.38	21.0
03.11	 -1.36	22.0
04.11	 -3.93	22.0
05.11	-13.39	21.0
06.11	 -9.46	21.0
07.11	-15.65	21.0
08.11	-15.65	22.0
09.11	-13.81	22.0
10.11	-15.74	22.0
11.11	 -6.56	23.0
12.11	 -3.68	26.0
13.11	 -6.62	27.0
14.11	-11.02	26.0
15.11	-18.05	26.0
16.11	-21.33	26.0
17.11	-16.12	25.0
18.11	-17.72	25.0
19.11	 -8.14	25.0
20.11	 -9.49	25.0
21.11	-10.02	25.0
22.11	-12.45	25.0
23.11	-10.83	27.0
