01.01	 -2.14
02.01	 -2.91
03.01	 -5.07
04.01	-10.18
05.01	-19.47
06.01	-16.50
07.01	 -7.10
08.01	 -6.28
09.01	 -7.76
10.01	-16.64
11.01	-23.41
12.01	-31.94
13.01	-22.74
14.01	-14.34
15.01	-13.67
16.01	 -6.96
17.01	 -4.70
18.01	 -9.13
19.01	-25.98
20.01	-27.35
21.01	-31.82
22.01	-24.85
23.01	-18.44
24.01	-18.32
25.01	-17.08
26.01	 -8.57
27.01	 -7.87
28.01	-12.08
29.01	-10.20
30.01	-13.05
31.01	-15.82
01.02	-13.22
02.02	-14.16
03.02	-14.26
04.02	-14.93
05.02	-12.72
06.02	 -9.26
07.02	 -5.17
08.02	-11.86
09.02	-11.20
10.02	 -2.64
11.02	 -4.55
12.02	 -7.85
13.02	-12.06
14.02	-23.56
15.02	-17.21
16.02	-11.20
17.02	 -7.56
18.02	 -6.64
19.02	 -5.75
20.02	 -5.50
21.02	 -6.95
22.02	 -6.33
23.02	-11.50
24.02	 -2.37
25.02	 -2.06
26.02	 -1.56
27.02	 -1.22
28.02	 -1.72
01.03	 -1.55
02.03	 -1.22
03.03	 -0.44
04.03	 -3.50
05.03	 -7.77
06.03	 -3.60
07.03	 -3.28
08.03	 -1.15
09.03	 -2.20
10.03	 -6.09
11.03	 -8.06
12.03	 -2.82
13.03	 -1.56
14.03	  0.63
15.03	 -1.96
16.03	 -2.98
17.03	 -2.71
18.03	 -0.84
19.03	 -2.51
20.03	 -8.49
21.03	-14.33
22.03	-11.07
23.03	 -7.48
24.03	-10.70
25.03	-12.28
26.03	 -6.27
27.03	 -7.41
28.03	 -3.78
29.03	 -3.43
30.03	 -0.78
31.03	 -1.54
01.04	 -0.70
02.04	 -2.05
03.04	 -3.08
04.04	 -1.32
05.04	 -0.38
06.04	  1.04
07.04	  2.98
08.04	 -0.10
09.04	 -2.56
10.04	 -5.04
11.04	 -4.39
12.04	 -1.75
13.04	  0.70
14.04	 -0.73
15.04	  0.64
16.04	 -0.79
17.04	 -0.09
18.04	  2.60
19.04	  1.64
20.04	  1.36
21.04	  3.09
22.04	  0.66
23.04	 -3.02
24.04	 -3.92
25.04	 -4.76
26.04	 -3.16
27.04	 -2.21
28.04	 -3.64
29.04	 -4.10
30.04	 -1.02
01.05	 -0.78
02.05	 -0.62
03.05	 -2.50
04.05	 -2.17
05.05	 -0.31
06.05	  4.31
07.05	  3.82
08.05	  4.20
09.05	  2.00
10.05	  4.08
11.05	  4.06
12.05	  3.52
13.05	  5.25
14.05	  0.95
15.05	  0.40
16.05	 -0.10
17.05	  0.71
18.05	  1.99
19.05	  2.27
20.05	  4.07
21.05	  4.78
22.05	  6.00
23.05	  2.96
24.05	  1.96
25.05	  3.59
26.05	  6.78
27.05	  8.45
28.05	  5.93
29.05	  8.37
30.05	  8.66
31.05	 10.64
01.06	  7.87
02.06	  7.62
03.06	  7.58
04.06	  4.85
05.06	  6.14
06.06	  7.41
07.06	  6.81
08.06	  5.38
09.06	  6.90
10.06	  8.44
11.06	  5.98
12.06	  5.93
13.06	  5.61
14.06	  7.63
15.06	  7.90
16.06	  4.65
17.06	  6.48
18.06	  7.99
19.06	  7.86
20.06	  9.35
21.06	 12.89
22.06	 15.12
23.06	 14.32
24.06	 11.95
25.06	 12.45
26.06	  8.05
27.06	  8.27
28.06	  9.54
29.06	  8.60
30.06	  9.00
01.07	  9.74
02.07	 12.31
03.07	 11.81
04.07	  7.36
05.07	  6.85
06.07	  6.17
07.07	  5.99
08.07	  7.76
09.07	 14.60
10.07	 11.30
11.07	 10.83
12.07	 10.92
13.07	  9.49
14.07	  9.60
15.07	  9.71
16.07	 11.80
17.07	 11.80
18.07	 13.49
19.07	 11.57
20.07	 10.34
21.07	  9.64
22.07	  9.28
23.07	 11.55
24.07	 13.35
25.07	 13.05
26.07	 10.55
27.07	  9.87
28.07	 13.01
29.07	 12.75
30.07	 13.20
31.07	 14.23
01.08	 10.66
02.08	  9.58
03.08	 10.44
04.08	 10.48
05.08	 14.24
06.08	 12.69
07.08	 13.77
08.08	 12.52
09.08	 11.54
10.08	 11.88
11.08	 14.35
12.08	 13.24
13.08	  8.89
14.08	  9.38
15.08	  9.53
16.08	 11.61
17.08	 13.74
18.08	 14.81
19.08	 15.31
20.08	 15.35
21.08	 15.03
22.08	 16.73
23.08	 14.82
24.08	 14.86
25.08	 12.86
26.08	 11.06
27.08	 10.07
28.08	 10.83
29.08	  9.25
30.08	 10.98
31.08	  9.47
01.09	  6.91
02.09	  6.55
03.09	  6.91
04.09	  6.57
05.09	  6.93
06.09	  6.86
07.09	  6.78
08.09	  5.26
09.09	  9.14
10.09	  9.20
11.09	 11.56
12.09	 11.61
15.09	  9.82
16.09	  8.64
17.09	  9.75
18.09	  9.06
19.09	  9.58
20.09	  9.38
21.09	  9.57
22.09	  8.71
23.09	  8.35
24.09	  8.48
25.09	  8.89
26.09	  7.93
27.09	  7.31
28.09	  5.18
29.09	  5.39
30.09	  5.73
01.10	  3.70
02.10	  0.53
03.10	  0.47
04.10	 -1.44
05.10	 -2.17
06.10	 -4.65
07.10	 -3.52
08.10	 -1.07
09.10	 -2.95
10.10	 -4.08
11.10	 -2.35
12.10	  2.66
13.10	  2.52
14.10	 -0.88
15.10	  2.42
16.10	  2.46
17.10	  4.70
18.10	  4.36
19.10	  0.25
20.10	 -0.92
21.10	  0.16
22.10	 -0.30
23.10	 -4.19
24.10	 -1.96
25.10	  1.31
26.10	 -1.84
27.10	 -3.45
28.10	 -1.02
29.10	 -4.12
30.10	 -5.85
31.10	 -3.22
01.11	  2.14
02.11	  2.48
03.11	  0.43
04.11	 -1.12
05.11	 -4.85
06.11	 -9.92
07.11	 -3.30
08.11	 -1.30
09.11	 -1.03
10.11	 -0.92
11.11	 -3.37
12.11	 -6.63
13.11	 -5.37
14.11	 -1.87
15.11	 -2.82
16.11	 -4.00
17.11	 -3.72
18.11	 -4.36
19.11	 -3.60
20.11	 -7.30
21.11	-16.51
22.11	-12.85
23.11	-20.91
24.11	 -9.82
25.11	 -4.89
26.11	 -5.62
27.11	 -3.70
28.11	 -3.24
29.11	 -6.21
30.11	 -2.08
01.12	 -3.20
02.12	-12.42
03.12	 -7.25
04.12	 -6.18
05.12	-10.17
06.12	 -8.07
07.12	 -4.94
08.12	 -8.13
09.12	 -6.05
10.12	 -4.72
11.12	 -6.51
12.12	 -9.97
13.12	-22.56
14.12	-16.53
15.12	-13.45
16.12	-23.76
17.12	-20.34
18.12	 -8.15
19.12	 -5.20
20.12	 -4.15
21.12	 -2.21
22.12	-14.90
23.12	-15.22
24.12	 -6.67
25.12	 -1.58
26.12	 -7.30
27.12	-16.29
28.12	-24.61
29.12	-14.76
30.12	 -8.17
31.12	 -1.90
