01.01	-51.48	 0.0
02.01	-52.85	 0.0
03.01	-52.60	 0.0
04.01	-53.80	 0.0
05.01	-51.65	 0.0
06.01	-42.00	 0.0
07.01	-37.38	 0.0
08.01	-35.82	 0.0
09.01	-40.77	 0.0
10.01	-44.83	 0.0
11.01	-41.75	 0.0
12.01	-36.03	 0.0
13.01	-44.02	 0.0
14.01	-50.35	 0.0
15.01	-51.03	 0.0
16.01	-53.80	 0.0
17.01	-54.98	 0.0
18.01	-55.47	 0.0
19.01	-54.17	 0.0
20.01	-50.00	 0.0
21.01	-45.35	 0.0
22.01	-46.55	 0.0
23.01	-48.43	 0.0
24.01	-48.12	 0.0
25.01	-42.65	 0.0
26.01	-34.60	 0.0
27.01	-41.33	 0.0
28.01	-45.88	 0.0
29.01	-48.67	 0.0
30.01	-41.80	 0.0
31.01	-43.65	 0.0
01.02	-47.17	 0.0
02.02	-45.60	 0.0
03.02	-46.08	 0.0
04.02	-43.17	 0.0
05.02	-41.15	 0.0
06.02	-42.17	 0.0
07.02	-44.50	 0.0
08.02	-47.55	 0.0
09.02	-47.52	 0.0
10.02	-39.50	 0.0
11.02	-42.67	 0.0
12.02	-43.27	 0.0
13.02	-36.45	 0.0
14.02	-42.40	 0.0
15.02	-43.72	 0.0
16.02	-37.17	 0.0
17.02	-37.85	 0.0
18.02	-40.55	 0.0
19.02	-43.40	 0.0
20.02	-39.60	 0.0
21.02	-37.83	 0.0
22.02	-41.95	 0.0
23.02	-44.55	 0.0
24.02	-42.83	 0.0
25.02	-40.77	 0.0
26.02	-42.22	 0.0
27.02	-43.02	 0.0
28.02	-45.25	 0.0
01.03	-44.20	 0.0
02.03	-44.07	 0.0
03.03	-44.65	 0.0
04.03	-42.90	 0.0
05.03	-41.80	 0.0
06.03	-29.80
07.03	-41.08	 0.0
08.03	-41.62	 0.0
09.03	-41.30	 0.0
10.03	-39.08	 0.0
11.03	-39.25	 0.0
12.03	-38.88	 0.0
13.03	-37.60	 0.0
14.03	-32.30	 0.0
15.03	-25.10	 0.0
16.03	-21.85	 0.0
17.03	-28.17	 0.0
18.03	-27.88	 0.0
19.03	-33.20	 0.0
20.03	-32.60	 0.0
21.03	-28.77	 0.0
22.03	-17.20	 0.0
23.03	-14.70
24.03	-19.10	 0.0
25.03	-18.60	 0.0
26.03	-17.23	 0.0
27.03	-19.98	 0.0
28.03	-17.58	 0.0
29.03	-17.73	 0.0
30.03	-22.55	 0.0
31.03	-21.15	 0.0
01.04	-20.20	 0.0
02.04	-21.73	 0.0
03.04	-20.77	 0.0
04.04	-18.85	 0.0
05.04	-19.50	 0.0
06.04	-18.60	 0.0
07.04	-19.02	 0.0
08.04	-19.30
09.04	-16.67
10.04	-18.50	 0.0
11.04	-18.32	 0.0
12.04	-15.00	 0.0
13.04	-15.43	 0.0
14.04	-19.90	 0.0
15.04	-12.70
16.04	-12.20
17.04	-15.35
18.04	-11.93
19.04	 -9.53
20.04	 -9.77
21.04	 -5.77
22.04	 -5.87
23.04	  0.23
24.04	 -4.30
25.04	 -5.65	 0.0
26.04	 -1.90	 0.0
27.04	 -3.97	 0.0
28.04	 -1.23	 0.0
29.04	  0.50	 0.0
30.04	 -0.50	 0.0
01.05	  0.95	 0.0
02.05	  1.62	 0.0
03.05	  2.25	 0.0
04.05	  4.30	 0.0
05.05	  1.90	 0.0
06.05	  3.42	 0.0
07.05	  3.82	 0.0
08.05	  2.95	 0.0
09.05	  4.78	 0.0
10.05	  4.80	 0.0
11.05	  3.88	 0.0
12.05	  3.67
13.05	  1.88	 0.0
14.05	  2.80	 0.0
15.05	  4.42	 0.0
16.05	  5.35	 0.0
17.05	  3.88	 0.0
18.05	  3.47	 0.0
19.05	  0.43	 0.0
20.05	  2.73	 0.0
21.05	  2.95	 0.0
22.05	  2.33	 0.0
23.05	  9.00
24.05	  6.67	 0.0
25.05	 11.02	 0.0
26.05	 10.03	 0.0
27.05	 14.38	 0.0
28.05	 13.12	 0.0
29.05	 13.05	 0.0
30.05	 14.48	 0.0
31.05	 15.68	 0.0
01.06	 12.98	 0.0
02.06	 12.68	 0.0
03.06	 13.20	 0.0
04.06	 16.35	 0.0
05.06	 19.53	 0.0
06.06	 19.45	 0.0
07.06	 19.25	 0.0
08.06	 14.88	 0.0
09.06	 18.30	 0.0
10.06	 18.82	 0.0
11.06	 18.60	 0.0
12.06	 16.95	 0.0
13.06	 10.50	 0.0
14.06	 10.38	 0.0
15.06	 12.90	 0.0
16.06	 17.35	 0.0
17.06	 19.75	 0.0
18.06	 20.40	 0.0
19.06	 17.42	 0.0
20.06	 19.20	 0.0
21.06	 15.30	 0.0
22.06	 18.03	 0.0
23.06	 17.12	 0.0
24.06	 12.43	 0.0
25.06	  7.75	 0.0
26.06	  8.40	 0.0
27.06	  8.93	 0.0
28.06	 13.47	 0.0
29.06	 15.00	 0.0
30.06	 13.38	 0.0
01.07	  7.78	 0.0
02.07	 10.60	 0.0
03.07	 13.85	 0.0
04.07	 14.85	 0.0
05.07	 12.17
06.07	 15.53	 0.0
07.07	 14.75	 0.0
08.07	 15.23	 0.0
09.07	 18.57	 0.0
10.07	 15.70
11.07	 18.33
12.07	 20.80	 0.0
13.07	 22.73	 0.0
14.07	 22.68	 0.0
15.07	 23.90	 0.0
16.07	 24.23
17.07	 22.00	 0.0
18.07	 19.30	 0.0
19.07	 16.75	 0.0
20.07	 17.12	 0.0
21.07	 13.32	 0.0
22.07	  8.70	 0.0
23.07	  8.62	 0.0
24.07	 16.00
25.07	 19.05	 0.0
26.07	 16.67	 0.0
27.07	 17.43	 0.0
28.07	 15.48	 0.0
29.07	 18.90	 0.0
30.07	 17.95	 0.0
31.07	 19.55	 0.0
01.08	 20.55	 0.0
02.08	 22.27	 0.0
03.08	 20.90	 0.0
04.08	 15.05	 0.0
05.08	 17.68	 0.0
06.08	 16.55	 0.0
07.08	 13.90	 0.0
08.08	 14.40	 0.0
09.08	 22.63
10.08	 17.10	 0.0
11.08	 16.67	 0.0
12.08	 13.65	 0.0
13.08	 15.45	 0.0
14.08	 14.50	 0.0
15.08	 12.38	 0.0
16.08	 15.12	 0.0
17.08	 14.83	 0.0
18.08	 15.72	 0.0
19.08	 11.93	 0.0
20.08	 13.50	 0.0
21.08	 12.02	 0.0
22.08	 11.32	 0.0
23.08	 10.28	 0.0
24.08	 10.90	 0.0
25.08	 11.72	 0.0
26.08	 13.97	 0.0
27.08	 10.75	 0.0
28.08	 13.03
29.08	 11.82	 0.0
30.08	 11.00	 0.0
31.08	 11.55	 0.0
01.09	  9.48	 0.0
02.09	  9.53	 0.0
03.09	  5.60	 0.0
04.09	  5.60	 0.0
05.09	  8.85	 0.0
06.09	  9.48	 0.0
07.09	  7.32	 0.0
08.09	  4.53	 0.0
09.09	  9.03	 0.0
10.09	  6.58	 0.0
11.09	  2.35	 0.0
12.09	 -4.72	 0.0
13.09	 -3.50	 0.0
14.09	  1.03	 0.0
15.09	  3.75	 0.0
16.09	  4.43	 0.0
17.09	  7.20	 0.0
18.09	  5.88	 0.0
19.09	  7.13	 0.0
20.09	  7.65	 0.0
21.09	  8.03	 0.0
22.09	  7.52	 0.0
23.09	  5.70	 0.0
24.09	  4.90	 0.0
25.09	  5.20	 0.0
26.09	  3.78	 0.0
27.09	  5.97	 0.0
28.09	  4.35	 0.0
29.09	  2.65	 0.0
30.09	  2.05	 0.0
01.10	 -0.78	 0.0
02.10	  0.08	 0.0
03.10	 -4.65	 0.0
04.10	 -3.67	 0.0
05.10	 -1.35	 0.0
06.10	 -3.85	 0.0
07.10	-11.18	 0.0
08.10	 -7.62	 0.0
09.10	 -8.48	 0.0
10.10	-12.17	 0.0
11.10	 -9.18	 0.0
12.10	-13.18	 0.0
13.10	-13.35
14.10	-12.07	 0.0
15.10	-13.77	 0.0
16.10	-11.80	 0.0
17.10	-16.60	 0.0
18.10	-16.45	 0.0
19.10	-12.95	 0.0
20.10	-11.85	 0.0
21.10	-15.95	 0.0
22.10	-20.75	 0.0
23.10	-23.30	 0.0
24.10	-20.30	 0.0
25.10	-17.10	 0.0
26.10	-19.65	 0.0
27.10	-19.93	 0.0
28.10	-18.82	 0.0
29.10	-29.08	 0.0
30.10	-23.80	 0.0
31.10	-19.90	 0.0
01.11	-28.27	 0.0
02.11	-24.12	 0.0
03.11	-16.50	 0.0
04.11	-20.48	 0.0
05.11	-14.48	 0.0
06.11	-14.30	 0.0
07.11	-16.85	 0.0
08.11	-17.20	 0.0
09.11	-22.70	 0.0
10.11	-21.05	 0.0
11.11	-14.25	 0.0
12.11	-15.80
13.11	-11.88	 0.0
14.11	 -8.20	 0.0
15.11	-10.00	 0.0
16.11	 -9.68	 0.0
17.11	 -8.07	 0.0
18.11	-23.80	 0.0
19.11	-22.80	 0.0
20.11	-26.30	 0.0
21.11	-32.35	 0.0
22.11	-37.02	 0.0
23.11	-42.85	 0.0
24.11	-46.42	 0.0
25.11	-43.90	 0.0
26.11	-38.73	 0.0
27.11	-32.33	 0.0
28.11	-34.62	 0.0
29.11	-33.00	 0.0
30.11	-31.70	 0.0
01.12	-33.58	 0.0
02.12	-43.97	 0.0
03.12	-38.65	 0.0
04.12	-29.47	 0.0
05.12	-14.15	 0.0
06.12	-19.60	 0.0
07.12	-35.73	 0.0
08.12	-43.15	 0.0
09.12	-46.52	 0.0
10.12	-47.55	 0.0
11.12	-47.35	 0.0
12.12	-47.33	 0.0
13.12	-48.55	 0.0
14.12	-49.85	 0.0
15.12	-49.43	 0.0
16.12	-49.25	 0.0
17.12	-48.83	 0.0
18.12	-51.10	 0.0
19.12	-52.07	 0.0
20.12	-50.40	 0.0
21.12	-47.10
22.12	-44.42	 0.0
23.12	-44.52	 0.0
24.12	-49.42	 0.0
25.12	-51.97	 0.0
26.12	-51.80	 0.0
27.12	-46.98	 0.0
28.12	-48.75	 0.0
29.12	-49.38	 0.0
30.12	-46.68	 0.0
31.12	-47.08	 0.0
