01.01	-45.64	19.0
02.01	-40.39	19.0
03.01	-36.86	19.0
04.01	-27.94	19.0
05.01	-32.17	20.0
06.01	-40.04	20.0
07.01	-32.09	20.0
08.01	-26.53	20.0
09.01	-26.80	21.0
10.01	-31.39	21.0
11.01	-31.93	21.0
12.01	-35.59	21.0
13.01	-39.12	21.0
14.01	-36.84	21.0
15.01	-32.31	22.0
16.01	-38.31	22.0
17.01	-42.81	22.0
18.01	-43.56	22.0
19.01	-37.24	22.0
20.01	-36.01	22.0
21.01	-42.57	22.0
22.01	-45.18	23.0
23.01	-45.77	23.0
24.01	-39.44	23.0
25.01	-38.70	23.0
26.01	-44.26	23.0
27.01	-44.65	24.0
28.01	-49.41	24.0
29.01	-42.85	24.0
30.01	-40.14	24.0
31.01	-48.95	24.0
01.02	-46.65	24.0
02.02	-43.55	24.0
03.02	-51.05	24.0
04.02	-48.31	24.0
05.02	-49.09	24.0
06.02	-48.55	24.0
07.02	-45.41	24.0
08.02	-39.26	24.0
09.02	-40.50	24.0
10.02	-35.24	24.0
11.02	-33.66	24.0
12.02	-30.84	25.0
13.02	-34.00	25.0
14.02	-40.86	25.0
15.02	-38.76	25.0
16.02	-37.11	25.0
17.02	-39.84	25.0
18.02	-41.00	25.0
19.02	-35.49	25.0
20.02	-36.29	25.0
21.02	-33.44	26.0
22.02	-36.01	26.0
23.02	-38.71	25.0
24.02	-40.61	25.0
25.02	-42.59	27.0
26.02	-42.86	27.0
27.02	-42.46	27.0
28.02	-40.94	27.0
01.03	-42.32	27.0
02.03	-42.35	27.0
03.03	-42.55	27.0
04.03	-45.10	27.0
05.03	-44.39	27.0
06.03	-44.90	27.0
07.03	-44.21	27.0
08.03	-42.10	27.0
09.03	-39.90	27.0
10.03	-37.14	27.0
11.03	-35.29	27.0
12.03	-34.61	27.0
13.03	-33.56	27.0
14.03	-31.32	27.0
15.03	-27.69	27.0
16.03	-25.77	27.0
17.03	-25.90	27.0
18.03	-25.06	27.0
19.03	-27.54	27.0
20.03	-21.61	27.0
21.03	-21.32	27.0
22.03	-23.56	27.0
23.03	-21.96	27.0
24.03	-12.00	27.0
25.03	-11.69	27.0
26.03	 -8.86	30.0
27.03	 -9.89	38.0
28.03	-14.56	40.0
29.03	-23.75	40.0
30.03	-24.46	40.0
31.03	-25.11	36.0
01.04	-23.71	36.0
02.04	-21.76	36.0
03.04	-17.11	35.0
04.04	-13.07	34.0
05.04	-15.21	32.0
06.04	-17.19	32.0
07.04	-18.51	30.0
08.04	-15.25	30.0
09.04	-11.69	29.0
10.04	-14.80	29.0
11.04	-16.62	25.0
12.04	-18.00	23.0
13.04	-17.89	21.0
14.04	-17.14	29.0
15.04	-16.24	28.0
16.04	-15.01	27.0
17.04	-10.16	26.0
18.04	 -6.29	26.0
19.04	 -3.02	28.0
20.04	 -8.46	28.0
21.04	-11.70	27.0
22.04	-11.56	25.0
23.04	 -7.55	24.0
24.04	 -7.30	24.0
25.04	 -6.04	20.0
26.04	 -6.14	18.0
27.04	 -5.94	17.0
28.04	 -3.94	13.0
29.04	 -3.90	 9.0
30.04	  0.29	 3.0
01.05	  1.20
02.05	  1.38
03.05	  1.09
04.05	  1.21
05.05	  1.36	 2.0
06.05	  2.99
07.05	  4.25
08.05	  2.50
09.05	 -2.73
10.05	 -8.72
11.05	 -6.26
12.05	 -0.94
13.05	  5.14
14.05	  7.20
15.05	  2.67
16.05	  1.55
17.05	  2.32
18.05	  5.18
19.05	  4.78
20.05	  3.75
21.05	  5.95
22.05	  8.06
23.05	  7.27
24.05	  8.07
25.05	  7.01
26.05	  4.99
27.05	  6.98
28.05	  9.64
29.05	  9.16
30.05	 10.80
31.05	 10.31
01.06	  9.70
02.06	 10.21
03.06	 11.91
04.06	 11.56
05.06	 12.83
06.06	 10.62
07.06	  9.95
08.06	 14.51
09.06	 17.26
10.06	 11.62
11.06	 12.03
12.06	 11.16
13.06	 10.24
14.06	 11.41
15.06	 12.64
16.06	 10.89
17.06	 10.75
18.06	 12.41
19.06	 13.26
20.06	  9.54
21.06	 13.16
22.06	 12.90
23.06	 11.45
24.06	 13.51
25.06	 14.95
26.06	 20.84
27.06	 16.62
28.06	 18.86
29.06	 22.40
30.06	 21.73
01.07	 22.06
02.07	 21.21
03.07	 16.15
04.07	 16.26
05.07	 14.41
06.07	 15.07
07.07	 18.12
08.07	 18.78
09.07	 19.08
10.07	 18.35
11.07	 17.20
12.07	 18.88
13.07	 21.02
14.07	 21.43
15.07	 18.15
16.07	 15.50
17.07	 15.15
18.07	 16.65
19.07	 17.85
20.07	 15.50
21.07	 13.56
22.07	 12.59
23.07	 11.57
24.07	 13.68
25.07	 14.27
26.07	 15.88
27.07	 13.69
28.07	 12.81
29.07	 14.58
30.07	 16.95
31.07	 12.51
01.08	 13.79
02.08	 10.90
03.08	 13.39
04.08	 15.72
05.08	 16.36
06.08	 16.61
07.08	 15.94
08.08	 16.88
09.08	 15.56
10.08	 17.30
11.08	 15.21
12.08	 13.98
13.08	 10.38
14.08	 10.34
15.08	 10.72
16.08	 12.23
17.08	 14.90
18.08	 13.48
19.08	 12.79
20.08	 12.21
21.08	  9.49
22.08	  9.31
23.08	  9.23
24.08	 13.41
25.08	 14.94
26.08	 11.01
27.08	 10.94
28.08	 12.09
29.08	 10.26
30.08	 10.68
31.08	  9.82
01.09	  8.29
02.09	  5.58
03.09	  7.19
04.09	  7.63
05.09	  7.10
06.09	  5.40
07.09	  3.75
08.09	  5.84
09.09	  6.93
10.09	  5.41
11.09	  8.80
12.09	  7.41
13.09	  5.24
14.09	  6.59
15.09	  3.69
16.09	  2.26
17.09	  3.11
18.09	  5.80
19.09	  1.95
20.09	  2.38
21.09	  3.01
22.09	  3.76	 2.0
23.09	  0.04	 9.0
24.09	 -1.91	 2.0
25.09	 -2.94
26.09	 -3.10
27.09	 -4.61
28.09	 -5.64
29.09	 -4.59
30.09	 -3.70
01.10	 -5.28
02.10	 -0.88
03.10	 -2.33
04.10	 -4.60
05.10	 -5.96
06.10	 -5.12
07.10	 -7.33
08.10	 -5.54	 7.0
09.10	 -6.40	 5.0
10.10	 -2.07	 7.0
11.10	 -1.20	 8.0
12.10	 -3.44	13.0
13.10	 -5.86	14.0
14.10	 -9.69	12.0
15.10	-14.95
16.10	-19.69	12.0
17.10	-19.61	12.0
18.10	-13.83	13.0
19.10	-10.73	14.0
20.10	-11.22	15.0
21.10	-19.44	15.0
22.10	-19.41	15.0
23.10	-18.00	15.0
24.10	-23.45	15.0
25.10	-25.40	15.0
26.10	-25.43	15.0
27.10	-31.35	15.0
28.10	-24.38	15.0
29.10	-24.77	16.0
30.10	-19.62	16.0
31.10	-20.12	18.0
01.11	-20.89	18.0
02.11	-21.69	20.0
03.11	-24.56	20.0
04.11	-28.35	20.0
05.11	-30.18	21.0
06.11	-29.25	21.0
07.11	-31.56	21.0
08.11	-38.55	21.0
09.11	-36.44	21.0
10.11	-37.55	21.0
11.11	-35.01	21.0
12.11	-34.08	21.0
13.11	-30.15	21.0
14.11	-33.55	22.0
15.11	-39.83	24.0
16.11	-40.23	22.0
17.11	-38.10	22.0
18.11	-40.39	22.0
19.11	-42.60	22.0
20.11	-40.99	22.0
21.11	-41.34	22.0
22.11	-40.82	22.0
23.11	-37.12	22.0
24.11	-36.39	22.0
25.11	-35.70	22.0
26.11	-37.84	22.0
27.11	-38.49	22.0
28.11	-44.36	22.0
29.11	-45.86	22.0
30.11	-46.32	22.0
01.12	-43.10	22.0
02.12	-43.70	22.0
03.12	-43.45	22.0
04.12	-43.15	22.0
05.12	-38.81	22.0
06.12	-38.13	22.0
07.12	-43.15	22.0
08.12	-48.06	22.0
09.12	-50.29	22.0
10.12	-51.52	22.0
11.12	-51.50
12.12	-51.56	22.0
13.12	-48.06	22.0
14.12	-45.61	22.0
15.12	-48.67	22.0
16.12	-49.65	22.0
17.12	-51.51	22.0
18.12	-52.78	22.0
19.12	-51.90	22.0
20.12	-51.26	22.0
21.12	-44.39	22.0
22.12	-48.71	22.0
23.12	-53.97	22.0
24.12	-55.61	22.0
25.12	-55.55	22.0
26.12	-54.83	22.0
27.12	-47.43	22.0
28.12	-38.38	22.0
29.12	-40.76	22.0
30.12	-40.77	22.0
31.12	-40.64	22.0
