01.01	-27.91	24.0
02.01	-28.10	25.0
03.01	-30.91	25.0
04.01	-42.59	25.0
05.01	-43.38
06.01	-38.09	25.0
07.01	-34.95	25.0
08.01	-36.30	25.0
09.01	-39.86	25.0
10.01	-37.80	25.0
11.01	-37.90	26.0
12.01	-43.26	26.0
13.01	-38.46	26.0
14.01	-46.90	26.0
15.01	-49.41	26.0
16.01	-49.69	26.0
17.01	-47.66	26.0
18.01	-49.46	26.0
19.01	-51.33	26.0
20.01	-51.25	26.0
21.01	-51.88	26.0
22.01	-54.50	26.0
23.01	-54.60	26.0
24.01	-51.07	26.0
25.01	-46.09	26.0
26.01	-48.35	26.0
27.01	-50.10	26.0
28.01	-44.84	26.0
29.01	-39.61	27.0
30.01	-40.81	27.0
31.01	-43.88	27.0
01.02	-51.12	26.0
02.02	-48.29	27.0
03.02	-48.11	27.0
04.02	-50.91	27.0
05.02	-46.60	27.0
06.02	-45.58	27.0
07.02	-36.55	27.0
08.02	-26.74	29.0
09.02	-18.60	31.0
10.02	-27.11	31.0
11.02	-26.07	31.0
12.02	-16.24	31.0
13.02	-18.61	31.0
14.02	-20.79	30.0
15.02	-16.18	30.0
16.02	-17.94	30.0
17.02	-23.91	30.0
18.02	-31.95	30.0
19.02	-27.19	30.0
20.02	-28.76	30.0
21.02	-34.15	30.0
22.02	-39.19	30.0
23.02	-41.21	30.0
24.02	-41.84	30.0
25.02	-38.60	30.0
26.02	-40.01	30.0
27.02	-43.30	30.0
28.02	-44.25	30.0
01.03	-43.16	30.0
02.03	-39.25	30.0
03.03	-32.40	30.0
04.03	-30.21	30.0
05.03	-33.19	30.0
06.03	-33.19	30.0
07.03	-30.04	30.0
08.03	-27.76
09.03	-31.11	30.0
10.03	-32.44	30.0
11.03	-30.80	30.0
12.03	-29.01	30.0
13.03	-26.21	30.0
14.03	-29.19	30.0
15.03	-29.65	30.0
16.03	-28.25	30.0
17.03	-27.09	30.0
18.03	-16.94	30.0
19.03	-16.60	30.0
20.03	-16.79	30.0
21.03	-20.23	30.0
22.03	-22.99	30.0
23.03	-23.76	28.0
24.03	-17.19	28.0
25.03	-18.84	28.0
26.03	-15.79	28.0
27.03	-14.45	28.0
28.03	-18.93	28.0
29.03	-20.56	28.0
30.03	-22.40	28.0
31.03	-20.54	28.0
01.04	-20.75	28.0
02.04	-21.30	28.0
03.04	-18.68	28.0
04.04	-19.33	28.0
05.04	-18.11	28.0
06.04	-16.38	28.0
07.04	-15.06	28.0
08.04	 -7.76	28.0
09.04	 -8.89	27.0
10.04	 -9.95	26.0
11.04	 -6.93	25.0
12.04	 -1.70	25.0
13.04	 -1.70	19.0
14.04	 -6.01	15.0
15.04	-10.53	14.0
16.04	-10.07	13.0
17.04	 -8.07	13.0
18.04	 -0.64	12.0
19.04	 -8.07	 7.0
20.04	-11.34	 2.0
21.04	 -9.60	 3.0
22.04	 -7.11
23.04	 -1.40
24.04	  1.49
25.04	  1.46	 2.0
26.04	 -1.23
27.04	 -0.07
28.04	 -2.65
29.04	 -2.31
30.04	 -0.21	11.0
01.05	 -0.96
02.05	 -0.26
03.05	 -1.94
04.05	  1.45
05.05	  4.61
06.05	  6.53
07.05	  4.35
08.05	  1.21
09.05	  2.44	101.0
10.05	  1.94
11.05	  2.71
12.05	  5.35
13.05	  2.73
14.05	 -0.26
15.05	  3.07
16.05	  6.86
17.05	  8.15
18.05	 10.57
19.05	  6.97
20.05	  2.56
21.05	  3.54
22.05	  6.70
23.05	  5.04
24.05	  8.51
25.05	  8.43
26.05	  9.38
27.05	  9.94
28.05	  7.89
29.05	 10.08
30.05	 11.36
31.05	 14.04
01.06	 10.56
02.06	  9.69
03.06	 10.10
04.06	  9.95
05.06	  9.94
06.06	 11.99
07.06	 12.82
08.06	 11.96
09.06	 13.74
10.06	 15.75
11.06	 18.30
12.06	 20.07
13.06	 16.09
14.06	 17.95
15.06	 21.41
16.06	 17.51
17.06	 16.19
18.06	 14.91
19.06	 11.11
20.06	 10.71
21.06	 15.61
22.06	 12.95
23.06	 13.16
24.06	 11.23
25.06	  9.81
26.06	  9.18
27.06	 12.00
28.06	 10.28
29.06	 10.92
30.06	 13.33
01.07	 10.53
02.07	 12.02
03.07	 13.70
04.07	 11.77
05.07	 11.91
06.07	 11.82
07.07	 15.66
08.07	 13.60
09.07	 13.34
10.07	 15.61
11.07	 17.71
12.07	 18.22
13.07	 19.50
14.07	 17.53
15.07	 17.39
16.07	 17.83
17.07	 19.55
18.07	 18.43
19.07	 19.73
20.07	 17.76
21.07	  8.76
22.07	  9.23
23.07	  9.43
24.07	 11.29
25.07	 16.65
26.07	 14.05
27.07	 11.57
28.07	 11.26
29.07	 12.71
30.07	 13.87
31.07	 13.19
01.08	 15.72
02.08	 15.25
03.08	 17.02
04.08	 16.84
05.08	 14.09
06.08	 11.94
07.08	 14.22
08.08	 13.86
09.08	 14.59
10.08	 15.85
11.08	 13.79
12.08	 15.09
13.08	 15.80
14.08	 13.85
15.08	 11.20
16.08	  7.31
17.08	 12.75
18.08	 12.96
19.08	 13.69
20.08	 12.94
21.08	 13.84
22.08	 14.60
23.08	 16.24
24.08	 15.41
25.08	 17.85
26.08	 14.40
27.08	 17.86
28.08	 14.59
29.08	 16.57
30.08	 12.59
31.08	 15.69
01.09	 12.41
02.09	 11.12
03.09	  9.77
04.09	  9.44
05.09	 11.25
06.09	  7.73
07.09	  7.31
08.09	  3.76
09.09	  2.70
10.09	  8.00
11.09	  7.92
12.09	  9.54
13.09	 10.11
14.09	  7.91
15.09	  8.60
16.09	  7.98
17.09	 10.55
18.09	  6.28
19.09	  0.68
20.09	 -1.38
21.09	 -1.56
22.09	  4.46
23.09	  3.31
24.09	 -1.34
25.09	 -2.20
26.09	 -2.65	 1.0
27.09	 -2.70	 2.0
28.09	 -3.01	 1.0
29.09	 -3.86	 1.0
30.09	 -3.61	 1.0
01.10	 -3.89	 4.0
02.10	 -4.93	 3.0
03.10	 -0.42	 2.0
04.10	 -1.50	 5.0
05.10	 -8.09	 3.0
06.10	 -6.03	 3.0
07.10	 -3.69	 4.0
08.10	 -1.27	 4.0
09.10	 -2.36	 3.0
10.10	 -2.79	 3.0
11.10	 -3.66	 3.0
12.10	 -5.72	 3.0
13.10	 -7.30	 3.0
14.10	 -9.84	 3.0
15.10	 -5.66	 3.0
16.10	 -7.50	 2.0
17.10	-16.04	 2.0
18.10	 -9.91	 2.0
19.10	 -5.40	 1.0
20.10	 -3.18	 1.0
21.10	 -3.25	 5.0
22.10	-19.32	15.0
23.10	-29.00	15.0
24.10	-25.89	15.0
25.10	-15.40	13.0
26.10	-16.09	13.0
27.10	-22.19	13.0
28.10	-21.71	13.0
29.10	-19.14	13.0
30.10	-16.71	14.0
31.10	-28.42	14.0
01.11	-35.64	14.0
02.11	-37.06	13.0
03.11	-35.85	13.0
04.11	-27.44	14.0
05.11	-19.01	16.0
06.11	-21.56	16.0
07.11	-27.30	16.0
08.11	-31.90	15.0
09.11	-38.70	15.0
10.11	-41.90	15.0
11.11	-42.98	15.0
12.11	-42.81	15.0
13.11	-40.51	15.0
14.11	-31.23	16.0
15.11	-38.83	16.0
16.11	-38.33	18.0
17.11	-42.22	18.0
18.11	-42.30	18.0
19.11	-38.31	18.0
20.11	-36.29	18.0
21.11	-42.97	18.0
22.11	-44.62	18.0
23.11	-41.27	18.0
24.11	-38.61	18.0
25.11	-41.94	18.0
26.11	-46.02	18.0
27.11	-44.99	18.0
28.11	-41.02	18.0
29.11	-41.38	18.0
30.11	-39.31	18.0
01.12	-39.19	19.0
02.12	-44.19	19.0
03.12	-42.88	19.0
04.12	-41.90	19.0
05.12	-43.88	19.0
06.12	-44.89	19.0
07.12	-43.90	19.0
08.12	-42.57	19.0
09.12	-44.19	19.0
10.12	-43.80	19.0
11.12	-43.05	19.0
12.12	-46.29	19.0
13.12	-49.69	19.0
14.12	-48.78	19.0
15.12	-49.61	19.0
16.12	-44.20	19.0
17.12	-44.60	19.0
18.12	-41.85	19.0
19.12	-50.34	19.0
20.12	-52.60	19.0
21.12	-52.50	19.0
22.12	-54.33	19.0
23.12	-51.31	19.0
24.12	-48.65	19.0
25.12	-48.14	19.0
26.12	-48.80	19.0
27.12	-48.95	19.0
28.12	-48.77	19.0
29.12	-46.55	19.0
30.12	-46.39	19.0
31.12	-48.06	19.0
