01.02	-34.15
02.02	-35.38	 0.0
03.02	-22.80	 0.0
04.02	-24.45	 0.0
05.02	-26.12	 0.0
06.02	-29.42	 0.0
07.02	-33.43	 0.0
08.02	-41.15	 0.0
09.02	-43.15	 0.0
10.02	-46.52	 0.0
11.02	-46.62	 0.0
12.02	-38.38	 0.0
13.02	-42.70	 0.0
14.02	-45.43	 0.0
15.02	-33.72	 0.0
16.02	-42.92	 0.0
17.02	-44.93	 0.0
18.02	-42.58	 0.0
19.02	-38.90	 0.0
20.02	-40.17	 0.0
21.02	-34.23	 0.0
22.02	-38.35	 0.0
23.02	-41.80	 0.0
24.02	-43.12	 0.0
25.02	-43.58	 0.0
26.02	-43.58	 0.0
27.02	-42.23	 0.0
28.02	-36.33	 0.0
01.03	-36.30	 0.0
02.03	-36.40	 0.0
03.03	-35.67	 0.0
04.03	-34.48	 0.0
05.03	-29.68	 0.0
06.03	-27.77	 0.0
07.03	-26.50	 0.0
08.03	-24.20	 0.0
09.03	-34.02	 0.0
10.03	-36.08	 0.0
11.03	-36.42	 0.0
12.03	-37.25	 0.0
13.03	-35.62	 0.0
14.03	-24.73	 0.0
15.03	-29.40	 0.0
16.03	-20.73	 0.0
17.03	-24.50	 0.0
18.03	-29.17	 0.0
19.03	-25.88	 0.0
20.03	-22.05	 0.0
21.03	-14.00	 0.0
22.03	-15.22	 0.0
23.03	-18.02	 0.0
24.03	-20.30	 0.0
25.03	-22.50	 0.0
26.03	-22.12	 0.0
27.03	-21.52	 0.0
28.03	-21.95	 0.0
29.03	-19.75	 0.0
30.03	-22.12	 0.0
31.03	-22.57	 0.0
01.04	-20.70	 0.0
02.04	-20.55	 0.0
03.04	-17.95	 0.0
04.04	-16.52	 0.0
05.04	-13.50	 0.0
06.04	-12.22	 0.0
07.04	 -8.88	 0.0
08.04	-12.68	 0.0
09.04	-15.33	 0.0
10.04	-11.43	 0.0
11.04	-11.82	 0.0
12.04	-10.25	 0.0
13.04	 -9.05	 0.0
14.04	 -8.42	 0.0
15.04	 -6.90	 0.0
16.04	 -8.45	 0.0
17.04	 -9.27	 0.0
18.04	 -6.38	 0.0
19.04	 -7.40	 0.0
20.04	 -5.83	 0.0
21.04	 -5.95	 0.0
22.04	 -4.20	 0.0
23.04	 -4.95	 0.0
24.04	 -2.72	 0.0
25.04	 -0.90	 0.0
26.04	 -0.07	 0.0
27.04	 -1.62	 0.0
28.04	 -1.75	 0.0
29.04	 -0.87	 0.0
30.04	  0.97	 0.0
01.05	  3.02	 0.0
02.05	  4.05	 0.0
03.05	  6.80	 0.0
04.05	  7.33	 0.0
05.05	  8.52	 0.0
06.05	  8.62	 0.0
07.05	 10.25	 0.0
08.05	  6.00	 0.0
09.05	  3.83	 0.0
10.05	  0.02	 0.0
11.05	 -0.65	 0.0
12.05	  2.00	 0.0
13.05	  3.88	 0.0
14.05	  3.75	 0.0
15.05	  4.77	 0.0
16.05	  6.05	 0.0
17.05	  5.88	 0.0
18.05	  7.38	 0.0
19.05	  8.50	 0.0
20.05	  9.17	 0.0
21.05	 10.35	 0.0
22.05	  9.55	 0.0
23.05	  7.67	 0.0
24.05	  7.77	 0.0
25.05	  5.00	 0.0
26.05	  4.80	 0.0
27.05	 10.25	 0.0
28.05	  5.90	 0.0
29.05	  8.20	 0.0
30.05	 12.03	 0.0
31.05	 10.02	 0.0
01.06	  9.80	 0.0
02.06	  6.88	 0.0
03.06	  5.28	 0.0
04.06	 10.87	 0.0
05.06	 11.85	 0.0
06.06	 13.45	 0.0
07.06	 16.05	 0.0
08.06	 13.43	 0.0
09.06	 13.57	 0.0
10.06	 11.42	 0.0
11.06	 12.05	 0.0
12.06	 15.25	 0.0
13.06	 16.85	 0.0
14.06	 15.80	 0.0
15.06	 10.88	 0.0
16.06	 10.80	 0.0
17.06	 10.78	 0.0
18.06	 11.72	 0.0
19.06	  8.15	 0.0
20.06	 12.25	 0.0
21.06	 15.92	 0.0
22.06	 17.90	 0.0
23.06	 18.92	 0.0
24.06	 17.93	 0.0
25.06	 18.82	 0.0
26.06	 16.32	 0.0
27.06	 15.43	 0.0
28.06	 16.48	 0.0
29.06	 15.52	 0.0
30.06	 12.45	 0.0
01.07	 15.50	 0.0
02.07	 17.15	 0.0
03.07	 17.88	 0.0
04.07	 18.83	 0.0
05.07	 19.42	 0.0
06.07	 16.38	 0.0
07.07	 19.23	 0.0
08.07	 16.32	 0.0
09.07	 18.97	 0.0
10.07	 20.23	 0.0
11.07	 16.62	 0.0
12.07	 15.38	 0.0
13.07	 14.03	 0.0
14.07	 15.30	 0.0
15.07	 16.73	 0.0
16.07	 13.65	 0.0
17.07	 13.95	 0.0
18.07	 17.90	 0.0
19.07	 19.60
20.07	 19.95	 0.0
21.07	 17.35	 0.0
22.07	 16.15	 0.0
23.07	 16.62	 0.0
24.07	 12.88	 0.0
25.07	 11.20	 0.0
26.07	 11.85	 0.0
27.07	 12.52	 0.0
28.07	 15.57	 0.0
29.07	 12.65	 0.0
30.07	  9.90	 0.0
31.07	 13.45	 0.0
01.08	 13.62	 0.0
02.08	 17.15	 0.0
03.08	 13.22	 0.0
04.08	  9.03	 0.0
05.08	 13.52	 0.0
06.08	 15.33	 0.0
07.08	 12.82	 0.0
08.08	 10.50	 0.0
09.08	 12.35	 0.0
10.08	 13.43	 0.0
11.08	 12.43	 0.0
12.08	 12.22	 0.0
13.08	 14.75	 0.0
14.08	 14.70	 0.0
15.08	 12.72	 0.0
16.08	 13.07	 0.0
17.08	 11.52	 0.0
18.08	 10.65	 0.0
19.08	 10.45	 0.0
20.08	 10.80	 0.0
21.08	 11.73	 0.0
22.08	  8.95	 0.0
23.08	 11.50	 0.0
24.08	 10.20	 0.0
25.08	  6.20	 0.0
26.08	 14.30
27.08	  9.70	 0.0
28.08	 10.37	 0.0
29.08	 13.65	 0.0
30.08	 16.15	 0.0
31.08	 17.60	 0.0
01.09	 15.60	 0.0
02.09	 15.62	 0.0
03.09	  3.60	 0.0
05.09	  6.50
06.09	  4.30	 0.0
07.09	  5.95	 0.0
08.09	  5.40	 0.0
09.09	  3.27	 0.0
10.09	  1.33	 0.0
11.09	  0.83	 0.0
12.09	  0.42	 0.0
13.09	  2.12	 0.0
14.09	  3.60	 0.0
15.09	  1.57	 0.0
16.09	  2.08	 0.0
17.09	  4.03	 0.0
18.09	  2.62	 0.0
19.09	  2.08	 0.0
20.09	  2.35	 0.0
21.09	  1.90	 0.0
22.09	 -2.70	 0.0
23.09	  1.12	 0.0
24.09	  1.32	 0.0
25.09	  1.57	 0.0
26.09	 -0.77	 0.0
27.09	  1.80	 0.0
28.09	  0.70	 0.0
29.09	  2.12	 0.0
30.09	 -1.05	 0.0
01.10	  1.80	 0.0
02.10	 -1.00	 0.0
03.10	 -3.60	 0.0
04.10	 -1.90	 0.0
05.10	 -2.23	 0.0
06.10	 -4.15	 0.0
07.10	 -9.38	 0.0
08.10	 -5.50	 0.0
09.10	 -7.62	 0.0
10.10	 -9.70	 0.0
11.10	 -4.05	 0.0
12.10	 -0.97	 0.0
13.10	 -7.33	 0.0
14.10	 -5.38	 0.0
15.10	-10.43	 0.0
16.10	-12.93	 0.0
17.10	-12.80	 0.0
18.10	-15.85	 0.0
19.10	-16.93	 0.0
20.10	-20.70	 0.0
21.10	-17.23	 0.0
22.10	-21.70	 0.0
23.10	-20.95	 0.0
24.10	-19.77	 0.0
25.10	-23.27	 0.0
26.10	-30.93	 0.0
27.10	-30.88	 0.0
28.10	-30.38	 0.0
29.10	-31.48	 0.0
30.10	-33.97	 0.0
31.10	-33.42	 0.0
01.11	-33.02	 0.0
02.11	-27.60	 0.0
03.11	-18.25	 0.0
04.11	-19.30	 0.0
05.11	-30.05	 0.0
06.11	-36.77	 0.0
07.11	-38.82	 0.0
08.11	-36.43	 0.0
09.11	-27.08	 0.0
10.11	-22.27	 0.0
11.11	-22.25	 0.0
12.11	-16.53	 0.0
13.11	-17.33	 0.0
14.11	-27.33	 0.0
15.11	-20.43	 0.0
16.11	-19.62	 0.0
17.11	-24.75	 0.0
18.11	-34.35	 0.0
19.11	-34.22	 0.0
20.11	-34.85	 0.0
21.11	-37.75	 0.0
22.11	-40.35	 0.0
23.11	-38.80	 0.0
24.11	-31.45	 0.0
25.11	-32.95	 0.0
26.11	-39.35	 0.0
27.11	-40.15	 0.0
28.11	-35.55	 0.0
29.11	-35.82	 0.0
30.11	-33.40	 0.0
01.12	-41.67	 0.0
02.12	-41.67	 0.0
03.12	-42.75	 0.0
04.12	-38.62	 0.0
05.12	-42.65	 0.0
06.12	-44.80	 0.0
07.12	-43.33	 0.0
08.12	-39.50	 0.0
09.12	-44.48	 0.0
10.12	-43.17	 0.0
11.12	-46.52	 0.0
12.12	-47.00	 0.0
13.12	-46.48	 0.0
14.12	-42.12	 0.0
15.12	-38.45	 0.0
16.12	-34.23	 0.0
17.12	-33.82	 0.0
18.12	-38.83	 0.0
19.12	-41.12	 0.0
20.12	-40.45	 0.0
21.12	-37.23	 0.0
22.12	-41.65	 0.0
23.12	-44.12	 0.0
24.12	-41.30	 0.0
25.12	-41.23	 0.0
26.12	-42.58	 0.0
27.12	-42.27	 0.0
28.12	-46.22	 0.0
29.12	-49.65	 0.0
30.12	-51.70	 0.0
31.12	-50.75	 0.0
