01.01	-39.05	26.0
02.01	-39.21	26.0
03.01	-41.79	26.0
04.01	-48.65	26.0
05.01	-42.70	26.0
06.01	-48.20	27.0
07.01	-51.64	27.0
08.01	-50.44	27.0
09.01	-47.69	 0.0
10.01	-51.35	27.0
11.01	-52.55	27.0
12.01	-46.88	27.0
13.01	-47.67	27.0
14.01	-46.36	27.0
15.01	-47.86	27.0
16.01	-52.48	27.0
17.01	-48.12	27.0
18.01	-44.55	27.0
19.01	-41.54	27.0
20.01	-41.61	27.0
21.01	-45.40	27.0
22.01	-50.58	27.0
23.01	-48.15	27.0
24.01	-38.91	27.0
25.01	-36.70	30.0
26.01	-39.60	29.0
27.01	-43.49	29.0
28.01	-41.51	29.0
29.01	-45.16	29.0
30.01	-41.82	29.0
31.01	-44.09	29.0
01.02	-45.88	29.0
02.02	-46.81	29.0
03.02	-49.16	29.0
04.02	-48.27	29.0
05.02	-49.54	29.0
06.02	-50.88	29.0
07.02	-52.09	29.0
08.02	-52.05	29.0
09.02	-52.25	29.0
10.02	-51.90	29.0
11.02	-52.44	29.0
12.02	-52.76	29.0
13.02	-52.81	29.0
14.02	-50.75	29.0
15.02	-51.56	29.0
16.02	-50.41	29.0
17.02	-50.84	29.0
18.02	-50.36	29.0
19.02	-48.20	29.0
20.02	-44.99	29.0
21.02	-44.33	29.0
22.02	-43.26	29.0
23.02	-39.60	29.0
24.02	-43.86	30.0
25.02	-45.07	30.0
26.02	-45.39	30.0
27.02	-46.17	30.0
28.02	-46.15	30.0
01.03	-42.64	30.0
02.03	-39.01	30.0
03.03	-38.69	30.0
04.03	-41.67	30.0
05.03	-42.65	30.0
06.03	-41.72	30.0
07.03	-38.26	30.0
08.03	-36.80	30.0
09.03	-34.43	30.0
10.03	-34.76	30.0
11.03	-31.98	30.0
12.03	-19.46	30.0
13.03	-22.75	30.0
14.03	-24.76	30.0
15.03	-28.05	30.0
16.03	-13.11	29.0
17.03	-18.99	29.0
18.03	-22.25	29.0
19.03	-19.48	29.0
20.03	-21.64	29.0
21.03	-12.49	29.0
22.03	-13.32	29.0
23.03	-16.68	27.0
24.03	-15.59	27.0
25.03	-16.26	27.0
26.03	-11.11
27.03	-11.44	27.0
28.03	-16.76	26.0
29.03	-18.92	26.0
30.03	-16.76	26.0
31.03	-18.65	25.0
01.04	-18.31	25.0
02.04	-23.01	25.0
03.04	-22.38	25.0
04.04	-20.00	25.0
05.04	-18.77	25.0
06.04	-14.74	25.0
07.04	-13.83	 0.0
08.04	-12.63	24.0
09.04	-12.81	24.0
10.04	-12.86	22.0
11.04	-10.71	22.0
12.04	 -6.90	22.0
13.04	 -8.78	22.0
14.04	 -9.50	21.0
15.04	 -5.19	20.0
16.04	 -3.61	18.0
17.04	 -1.11	17.0
18.04	 -0.59	 6.0
19.04	  0.19
20.04	 -0.31
21.04	 -0.30
22.04	 -0.96
23.04	 -1.27
24.04	 -2.42
25.04	 -3.08
26.04	 -0.91	 8.0
27.04	  2.24
28.04	  4.50
29.04	  2.99
30.04	  4.78	 0.0
01.05	  4.76	 0.0
02.05	  7.08	 0.0
03.05	  9.17	 0.0
04.05	  8.57	 0.0
05.05	  9.49	 0.0
06.05	  8.83	 0.0
07.05	  4.41	 0.0
08.05	  5.76	 0.0
09.05	  4.01	 0.0
10.05	  7.34	 0.0
11.05	  7.31	 0.0
12.05	  9.55	 0.0
13.05	 10.25	 0.0
14.05	  9.30	 0.0
15.05	 11.90	 0.0
16.05	 11.92	 0.0
17.05	 11.24	 0.0
18.05	  9.70	 0.0
19.05	  8.10	 0.0
20.05	  2.67
21.05	  0.92	 3.0
22.05	  2.86	 0.0
23.05	  9.66	 0.0
24.05	  9.19	 0.0
25.05	  9.35	 0.0
26.05	  5.64	 0.0
27.05	  4.55	 0.0
28.05	  7.03	 0.0
29.05	  8.22	 0.0
30.05	 11.93	 0.0
31.05	 11.88	 0.0
01.06	 10.08	 0.0
02.06	 14.31	 0.0
03.06	 15.54	 0.0
04.06	 12.81	 0.0
05.06	 12.74	 0.0
06.06	  9.08	 0.0
07.06	 12.01	 0.0
08.06	 12.61	 0.0
09.06	  8.85	 0.0
10.06	  8.60	 0.0
11.06	 13.96	 0.0
12.06	 16.20	 0.0
13.06	 17.76	 0.0
14.06	 17.46	 0.0
15.06	 12.92	 0.0
16.06	 18.00	 0.0
17.06	 19.18	 0.0
18.06	 18.18	 0.0
19.06	 18.04	 0.0
20.06	 11.65	 0.0
21.06	 12.24	 0.0
22.06	 11.86	 0.0
23.06	 12.15	 0.0
24.06	 14.40	 0.0
25.06	 16.54	 0.0
26.06	 20.21	 0.0
27.06	 20.39	 0.0
28.06	 17.59	 0.0
29.06	 16.26	 0.0
30.06	 13.46	 0.0
01.07	 13.38	 0.0
02.07	 15.41	 0.0
03.07	 14.40	 0.0
04.07	 18.44	 0.0
05.07	 16.56	 0.0
06.07	 19.96	 0.0
07.07	 20.31	 0.0
08.07	 16.21	 0.0
09.07	 15.81	 0.0
10.07	 17.02	 0.0
11.07	 16.94	 0.0
12.07	 17.43	 0.0
13.07	 16.43	 0.0
14.07	 17.18	 0.0
15.07	 14.31	 0.0
16.07	 12.76	 0.0
17.07	 15.24	 0.0
18.07	 13.48	 0.0
19.07	 18.01	 0.0
20.07	 22.49	 0.0
21.07	 20.07	 0.0
22.07	 14.21	 0.0
23.07	  5.70	 0.0
24.07	  5.38	 0.0
25.07	  9.69	 0.0
26.07	 11.23	 0.0
27.07	 11.66	 0.0
28.07	 14.99	 0.0
29.07	 14.74	 0.0
30.07	 14.94	 0.0
31.07	 16.01	 0.0
01.08	 17.09	 0.0
02.08	 17.15	 0.0
03.08	 15.76	 0.0
04.08	 12.81	 0.0
05.08	 10.80	 0.0
06.08	 13.18	 0.0
07.08	 14.39	 0.0
08.08	 13.88	 0.0
09.08	 15.74	 0.0
10.08	 15.26	 0.0
11.08	 15.20	 0.0
12.08	 14.61	 0.0
13.08	 18.45	 0.0
14.08	 15.15	 0.0
15.08	 15.54	 0.0
16.08	 14.59	 0.0
17.08	 14.90	 0.0
18.08	 14.86	 0.0
19.08	 11.93	 0.0
20.08	 10.97	 0.0
21.08	  8.09	 0.0
22.08	  5.31	 0.0
23.08	  7.26	 0.0
24.08	  6.34	 0.0
25.08	  6.64	 0.0
26.08	  8.50	 0.0
27.08	  7.84	 0.0
28.08	  8.79	 0.0
29.08	 10.01	 0.0
30.08	 10.03	 0.0
31.08	 11.61	 0.0
01.09	 13.71	 0.0
02.09	 12.60	 0.0
03.09	  9.88	 0.0
04.09	  9.94	 0.0
05.09	  9.09	 0.0
06.09	  6.46	 0.0
07.09	  5.61	 0.0
08.09	  5.14	 0.0
09.09	  5.36	 0.0
10.09	  4.75	 0.0
11.09	  2.03	 0.0
12.09	  4.98	 0.0
13.09	  5.04	 0.0
14.09	  4.94	 0.0
15.09	  4.81	 0.0
16.09	  2.65	 0.0
17.09	  0.22
18.09	  0.13
19.09	 -0.73	 1.0
20.09	 -1.39	 1.0
21.09	 -0.99	 0.0
22.09	 -0.07	 0.0
23.09	  0.75	 0.0
24.09	 -0.46	 0.0
25.09	 -0.90	 0.0
26.09	 -1.58	 3.0
27.09	 -2.25	 3.0
28.09	 -0.94	 1.0
29.09	 -0.68
30.09	 -1.51
01.10	 -2.95
02.10	 -5.31
03.10	 -6.91
04.10	 -7.46	 0.0
05.10	 -7.24	 2.0
06.10	-11.54	 1.0
07.10	-12.41	 1.0
08.10	 -9.03	 1.0
09.10	 -9.53	 1.0
10.10	 -6.94	 1.0
11.10	-10.04	 1.0
12.10	-12.51	 1.0
13.10	-11.59	 1.0
14.10	-13.60	 1.0
15.10	-14.89	 1.0
16.10	-10.17	 1.0
17.10	-13.70	 1.0
18.10	-16.94	 1.0
19.10	-16.60	 1.0
20.10	-12.60	 1.0
21.10	-16.59	 1.0
22.10	-14.04	 3.0
23.10	-19.88	 3.0
24.10	-21.15	 3.0
25.10	-20.90	 3.0
26.10	-21.34	 3.0
27.10	-20.98	 3.0
28.10	-18.36	 3.0
29.10	-23.85	 3.0
30.10	-21.59	 3.0
31.10	-19.76	 4.0
01.11	-23.52	 4.0
02.11	-18.77	11.0
03.11	-24.77	15.0
04.11	-24.79	15.0
05.11	-21.50	15.0
06.11	-29.79	15.0
07.11	-34.04	15.0
08.11	-26.24	15.0
09.11	-23.30	15.0
10.11	-28.33	15.0
11.11	-37.20	15.0
12.11	-39.59	15.0
13.11	-37.10	15.0
14.11	-35.74	15.0
15.11	-39.31	15.0
16.11	-30.24	15.0
17.11	-25.59	13.0
18.11	-26.14	17.0
19.11	-29.84	17.0
20.11	-28.35	16.0
21.11	-26.49	17.0
22.11	-27.50	17.0
23.11	-29.51	20.0
24.11	-32.20	20.0
25.11	-40.55	19.0
26.11	-43.07	19.0
27.11	-44.79	19.0
28.11	-36.85	19.0
29.11	-34.41	20.0
30.11	-33.91	20.0
01.12	-40.14	20.0
02.12	-41.40	20.0
03.12	-41.91	21.0
04.12	-43.05	20.0
05.12	-43.88	20.0
06.12	-34.62	20.0
07.12	-30.92	20.0
08.12	-29.65	20.0
09.12	-30.75	20.0
10.12	-29.27	21.0
11.12	-34.79	21.0
12.12	-35.73	21.0
13.12	-35.10	21.0
14.12	-36.82	21.0
15.12	-32.90	21.0
16.12	-34.31	 0.0
17.12	-39.99	22.0
18.12	-33.41	22.0
19.12	-39.76	23.0
20.12	-44.56	23.0
21.12	-45.29	23.0
22.12	-47.40	23.0
23.12	-48.63	23.0
24.12	-49.24	23.0
25.12	-47.96	23.0
26.12	-48.86	23.0
27.12	-48.93	23.0
28.12	-42.26	23.0
29.12	-37.66	23.0
30.12	-30.66	23.0
31.12	-30.28	23.0
