01.01	-47.60	 0.0
02.01	-47.40	 0.0
03.01	-47.38	 0.0
04.01	-48.08	 0.0
05.01	-44.90	 0.0
06.01	-45.17	 0.0
07.01	-45.65	 0.0
08.01	-48.47	 0.0
09.01	-47.67	 0.0
10.01	-50.48	 0.0
11.01	-53.05	 0.0
12.01	-51.80	 0.0
13.01	-48.08	 0.0
14.01	-44.92	 0.0
15.01	-45.20	 0.0
16.01	-50.02	 0.0
17.01	-52.17	 0.0
18.01	-51.30	 0.0
19.01	-51.61	23.0
20.01	-54.11	23.0
21.01	-52.86	23.0
22.01	-50.47	 0.0
23.01	-50.25
24.01	-41.90
25.01	-45.42	22.0
26.01	-52.06	22.0
27.01	-50.10	23.0
28.01	-42.16	 0.0
29.01	-38.69	 0.0
30.01	-19.18	 0.0
31.01	-17.52	 0.0
01.02	-16.35	 0.0
02.02	-26.36	 0.0
03.02	-22.83	 0.0
04.02	-31.11	21.0
05.02	-40.77	21.0
06.02	-43.81	21.0
07.02	-44.58	21.0
08.02	-45.15	21.0
09.02	-43.19	21.0
10.02	-43.97	21.0
11.02	-46.23	21.0
12.02	-48.15	21.0
13.02	-49.29	21.0
14.02	-47.34	21.0
15.02	-48.14	21.0
16.02	-40.43	21.0
17.02	-43.55	21.0
18.02	-44.79	22.0
19.02	-43.75	22.0
20.02	-43.54	 0.0
21.02	-39.36	22.0
22.02	-36.16	22.0
23.02	-36.63	22.0
24.02	-35.40	23.0
25.02	-41.49	23.0
26.02	-37.54	23.0
27.02	-23.29	20.0
28.02	-21.02	20.0
01.03	-21.68	 0.0
02.03	-28.68	20.0
03.03	-32.72	20.0
04.03	-30.39	19.0
05.03	-27.94	19.0
06.03	-28.50	19.0
07.03	-34.04	19.0
08.03	-36.70	19.0
09.03	-36.50	19.0
10.03	-35.73	19.0
11.03	-35.17	19.0
12.03	-35.56	19.0
13.03	-32.96	19.0
14.03	-31.67	19.0
15.03	-24.10	19.0
16.03	-23.76	19.0
17.03	-26.76	19.0
18.03	-26.20	19.0
19.03	-23.20	19.0
20.03	-25.48	19.0
21.03	-27.61	19.0
22.03	-27.62	19.0
23.03	-23.43	19.0
24.03	-15.85	19.0
25.03	-16.75	19.0
26.03	-15.12	19.0
27.03	-18.78	19.0
28.03	-20.96	19.0
29.03	-20.27	19.0
30.03	-16.36	19.0
31.03	-17.98	19.0
01.04	-15.66	19.0
02.04	-16.22	19.0
03.04	-21.76	19.0
04.04	-22.60	19.0
05.04	-21.50	18.0
06.04	-17.46	18.0
07.04	-15.92	18.0
08.04	-16.70	18.0
09.04	-19.84	 0.0
10.04	-18.30	 0.0
11.04	-10.84	17.0
12.04	-12.34	17.0
13.04	-12.30	17.0
14.04	-13.53	15.0
15.04	-12.60	15.0
16.04	 -6.86	15.0
17.04	 -7.72	11.0
18.04	 -5.79	 8.0
19.04	 -6.44	 7.0
20.04	 -4.99	 2.0
21.04	 -1.93	 0.0
22.04	 -4.94	 0.0
23.04	 -5.85	 0.0
24.04	 -4.20	 0.0
25.04	 -1.64	 0.0
26.04	 -0.94	 0.0
27.04	 -1.52	 0.0
28.04	 -3.16
29.04	 -3.25	 0.0
30.04	  0.35	 0.0
01.05	  3.32	 0.0
02.05	  1.36	 0.0
03.05	  2.43	 0.0
04.05	  5.25	 0.0
05.05	  5.59	 0.0
06.05	  2.42	 0.0
07.05	  4.98	 0.0
08.05	  6.90	 0.0
09.05	  6.29	 0.0
10.05	  8.04	 0.0
11.05	  9.41	 0.0
12.05	  5.62	 0.0
13.05	  6.38	 0.0
14.05	  8.69	 0.0
15.05	  9.15	 0.0
16.05	  8.81	 0.0
17.05	  9.50	 0.0
18.05	 10.30	 0.0
19.05	  9.85	 0.0
20.05	  9.71	 0.0
21.05	 11.70	 0.0
22.05	 12.45	 0.0
23.05	 10.85	 0.0
24.05	 14.80	 0.0
25.05	 16.33	 0.0
26.05	 14.07	 0.0
27.05	 11.96	 0.0
28.05	 14.41	 0.0
29.05	 15.17	 0.0
30.05	 13.51	 0.0
31.05	 11.38	 0.0
01.06	 12.55
02.06	 13.59	 0.0
03.06	 14.47	 0.0
04.06	  9.77	 0.0
05.06	 10.44	 0.0
06.06	  8.15	 0.0
07.06	 11.92	 0.0
08.06	 10.96	 0.0
09.06	 11.40	 0.0
10.06	 10.00	 0.0
11.06	 13.81	 0.0
12.06	 14.03	 0.0
13.06	 15.34	 0.0
14.06	 12.97	 0.0
15.06	 13.68	 0.0
16.06	 15.49	 0.0
17.06	 16.53	 0.0
18.06	 18.15	 0.0
19.06	 18.28	 0.0
20.06	 20.20	 0.0
21.06	 16.70	 0.0
22.06	 14.85	 0.0
23.06	 12.45	 0.0
24.06	 14.00	 0.0
25.06	 11.39	 0.0
26.06	 14.21	 0.0
27.06	 14.72	 0.0
28.06	 16.65	 0.0
29.06	 14.94	 0.0
30.06	 12.39	 0.0
01.07	 14.93	 0.0
02.07	 17.53	 0.0
03.07	 19.51	 0.0
04.07	 22.32	 0.0
05.07	 23.85	 0.0
06.07	 21.60	 0.0
07.07	 15.95	 0.0
08.07	 19.14	 0.0
09.07	 21.61	 0.0
10.07	 19.05	 0.0
11.07	 16.71	 0.0
12.07	 15.48	 0.0
13.07	 16.95	 0.0
14.07	 17.41	 0.0
15.07	 18.43	 0.0
16.07	 21.31	 0.0
17.07	 22.26	 0.0
18.07	 23.70	 0.0
19.07	 22.89	 0.0
20.07	 22.36	 0.0
21.07	 21.49	 0.0
22.07	 23.41	 0.0
23.07	 22.07	 0.0
24.07	 23.50	 0.0
25.07	 20.30	 0.0
26.07	 23.10	 0.0
27.07	 25.79	 0.0
28.07	 23.96	 0.0
29.07	 24.18	 0.0
30.07	 21.14	 0.0
31.07	 19.74	 0.0
01.08	 17.25	 0.0
02.08	 14.38	 0.0
03.08	 10.28	 0.0
04.08	  9.49	 0.0
05.08	  8.66	 0.0
06.08	  8.71	 0.0
07.08	  9.39	 0.0
08.08	 12.20	 0.0
09.08	 13.54	 0.0
10.08	 16.35	 0.0
11.08	 16.11	 0.0
12.08	 18.78	 0.0
13.08	 13.64	 0.0
14.08	 14.36	 0.0
15.08	 12.64	 0.0
16.08	 11.73	 0.0
17.08	 13.24	 0.0
18.08	 11.64	 0.0
19.08	  9.15	 0.0
20.08	 11.64	 0.0
21.08	 10.86	 0.0
22.08	  3.95	 0.0
23.08	  6.05	 0.0
24.08	  7.37	 0.0
25.08	 10.22	 0.0
26.08	 11.41	 0.0
27.08	 11.69	 0.0
28.08	  9.33	 0.0
29.08	  9.99	 0.0
30.08	 11.63	 0.0
31.08	 13.24	 0.0
01.09	  8.72	 0.0
02.09	 11.90	 0.0
03.09	 10.54	 0.0
04.09	  6.67	 0.0
05.09	  6.33	 0.0
06.09	  1.82	 0.0
07.09	  3.29	 0.0
08.09	  3.33	 0.0
09.09	  2.91	 0.0
10.09	  6.91	 0.0
11.09	  6.99	 0.0
12.09	  5.05	 0.0
13.09	  5.76	 0.0
14.09	  3.99	 0.0
15.09	  2.68	 0.0
16.09	  2.49	 0.0
17.09	  0.97	 0.0
18.09	  0.17	 0.0
19.09	 -2.58	 0.0
20.09	 -2.19	 0.0
21.09	 -0.69	 0.0
22.09	  1.77	 0.0
23.09	  1.50	 0.0
24.09	  1.09	 0.0
25.09	  1.81	 0.0
26.09	  1.79	 0.0
27.09	  0.28	 0.0
28.09	 -0.66	 0.0
29.09	  0.81	 2.0
30.09	  0.96	 0.0
01.10	 -1.07	 0.0
02.10	 -1.06	 0.0
03.10	 -3.96	 0.0
04.10	 -9.46	 0.0
05.10	 -3.94	 0.0
06.10	 -1.49	 0.0
07.10	 -1.15	 9.0
08.10	 -5.50	 9.0
09.10	-11.10	 7.0
10.10	 -9.66	 7.0
11.10	 -7.69	 7.0
12.10	 -7.20	 5.0
13.10	-13.22	 5.0
14.10	 -9.07	 0.0
15.10	 -9.24	 5.0
16.10	-10.33	 8.0
17.10	-12.62	 8.0
18.10	-14.64	 8.0
19.10	-20.85	 8.0
20.10	-21.35	 6.0
21.10	-27.38	 6.0
22.10	-28.39	 5.0
23.10	-25.93	 5.0
24.10	-23.61	 6.0
25.10	-29.50	 6.0
26.10	-31.33	 6.0
27.10	-28.44	 6.0
28.10	-29.82	 6.0
29.10	-32.05	 6.0
30.10	-30.95	 6.0
31.10	-32.35	 6.0
01.11	-32.67	 7.0
02.11	-32.99	 7.0
03.11	-32.98	 7.0
04.11	-32.15	 7.0
05.11	-31.67	 7.0
06.11	-35.29	 7.0
07.11	-33.23	 7.0
08.11	-37.23	 7.0
09.11	-38.16	 7.0
10.11	-38.86	 7.0
11.11	-36.95	 7.0
12.11	-37.99	 7.0
13.11	-36.36	 0.0
14.11	-36.28	 7.0
15.11	-29.61	 7.0
16.11	-29.01	 7.0
17.11	-28.48	 8.0
18.11	-25.06	 9.0
19.11	-22.62	 0.0
20.11	-24.24	11.0
21.11	-27.23	 0.0
22.11	-27.73	11.0
23.11	-19.60	11.0
24.11	-16.73	 0.0
25.11	-25.83	 0.0
26.11	-40.82	 0.0
27.11	-47.83	 0.0
28.11	-50.12	 0.0
29.11	-51.02	 0.0
30.11	-50.12	 0.0
01.12	-43.52	 0.0
02.12	-43.12	 0.0
03.12	-50.00	 0.0
04.12	-51.17	 0.0
05.12	-44.97	 0.0
06.12	-39.60	 0.0
07.12	-33.35	 0.0
08.12	-36.75	 0.0
09.12	-38.78	 0.0
10.12	-26.27	 0.0
11.12	-21.15	 0.0
12.12	-26.33	 0.0
13.12	-19.92	 0.0
14.12	-19.40	 0.0
15.12	-32.60	 0.0
16.12	-22.15	 0.0
17.12	-36.02	 0.0
18.12	-42.90	 0.0
19.12	-47.20	 0.0
20.12	-50.88	 0.0
21.12	-53.58	 0.0
22.12	-56.62	 0.0
23.12	-55.97	 0.0
24.12	-54.92	 0.0
25.12	-47.90	 0.0
26.12	-44.72	 0.0
27.12	-42.33	 0.0
28.12	-42.95	 0.0
29.12	-44.62	 0.0
30.12	-45.07	 0.0
31.12	-44.55	 0.0
