01.01	-45.00	 0.0
02.01	-39.40	 0.0
03.01	-43.68	 0.0
04.01	-41.12	 0.0
05.01	-52.07	 0.0
06.01	-55.50	 0.0
07.01	-53.65	 0.0
08.01	-52.17	 0.0
09.01	-54.00	 0.0
10.01	-54.20	 0.0
11.01	-48.28	 0.0
12.01	-42.27	 0.0
13.01	-33.92	 0.0
14.01	-32.83	 0.0
15.01	-28.82	 0.0
16.01	-35.17	 0.0
17.01	-34.38	 0.0
18.01	-33.58	 0.0
19.01	-40.40	 0.0
20.01	-40.75	 0.0
21.01	-36.92	 0.0
22.01	-41.58	 0.0
23.01	-48.80	 0.0
24.01	-47.70	 0.0
25.01	-45.86	 0.0
26.01	-47.46	35.0
27.01	-49.81	35.0
28.01	-48.36	35.0
29.01	-51.61	35.0
30.01	-47.88	35.0
31.01	-40.63	35.0
01.02	-42.49	33.0
02.02	-43.86	33.0
03.02	-44.79	33.0
04.02	-49.16	33.0
05.02	-51.43	33.0
06.02	-46.81	33.0
07.02	-49.63	33.0
08.02	-50.99	 0.0
09.02	-52.75	33.0
10.02	-52.57	33.0
11.02	-50.71	33.0
12.02	-43.97	33.0
13.02	-46.30	 0.0
14.02	-52.14	33.0
15.02	-50.52	33.0
16.02	-43.75	33.0
17.02	-41.71	30.0
18.02	-43.73	30.0
19.02	-48.31	29.0
20.02	-49.12	29.0
21.02	-49.89	29.0
22.02	-49.76	29.0
23.02	-49.04	29.0
24.02	-45.86	29.0
25.02	-40.45	29.0
26.02	-37.42	 0.0
27.02	-38.50	29.0
28.02	-35.33	29.0
01.03	-27.94	30.0
02.03	-26.03	31.0
03.03	-31.45	33.0
04.03	-35.56	33.0
05.03	-24.99	34.0
06.03	-20.52	36.0
07.03	-23.89	36.0
08.03	-26.01	36.0
09.03	-27.23	36.0
10.03	-29.19	36.0
11.03	-29.26	36.0
12.03	-27.85	35.0
13.03	-26.03	35.0
14.03	-20.94	35.0
15.03	-24.34	35.0
16.03	-29.35	35.0
17.03	-29.96	35.0
18.03	-28.23	35.0
19.03	-28.92	35.0
20.03	-14.76	35.0
21.03	-11.67	35.0
22.03	-18.40	34.0
23.03	-21.64	33.0
24.03	-14.86	33.0
25.03	-18.10	33.0
26.03	-13.81	33.0
27.03	 -9.14	32.0
28.03	-10.68	32.0
29.03	 -8.99	32.0
30.03	-10.05	32.0
31.03	 -8.60	32.0
01.04	-15.65	32.0
02.04	-14.41	31.0
03.04	-15.21	31.0
04.04	-18.74	31.0
05.04	-19.06	 0.0
06.04	-19.00	 0.0
07.04	-20.96	31.0
08.04	-19.05	31.0
09.04	-18.97	31.0
10.04	-20.26	31.0
11.04	-15.69	31.0
12.04	-11.14	31.0
13.04	 -6.45	31.0
14.04	 -9.41	31.0
15.04	 -9.02
16.04	 -1.52	31.0
17.04	 -2.34	31.0
18.04	 -5.51	31.0
19.04	 -3.30	31.0
20.04	 -1.50	28.0
21.04	 -0.76	25.0
22.04	  0.38	22.0
23.04	 -0.23	19.0
24.04	 -3.17	16.0
25.04	 -2.49	13.0
26.04	 -1.30	 7.0
27.04	  1.30	 5.0
28.04	 -1.29	 3.0
29.04	 -1.85	 0.0
30.04	 -1.52	 3.0
01.05	 -4.40	 0.0
02.05	 -2.98	 2.0
03.05	 -3.14	 1.0
04.05	 -2.96	 0.0
05.05	 -3.51	 0.0
06.05	 -2.11	 0.0
07.05	 -0.19	 0.0
08.05	  4.49	 0.0
09.05	  6.70	 0.0
10.05	  6.96	 0.0
11.05	  3.84	 0.0
12.05	  0.73	 0.0
13.05	  4.67	 0.0
14.05	  0.85	 0.0
15.05	  3.75	 0.0
16.05	 -0.64	 0.0
17.05	 -0.31	 0.0
18.05	  5.31	 0.0
19.05	  9.34	 0.0
20.05	  9.94	 0.0
21.05	 12.34	 0.0
22.05	 11.20	 0.0
23.05	  4.19	 0.0
24.05	  4.20	 0.0
25.05	  4.94	 0.0
26.05	  4.74	 0.0
27.05	  6.88	 0.0
28.05	  5.16	 0.0
29.05	  4.39	 0.0
30.05	  5.53	 0.0
31.05	  6.69	 0.0
01.06	 10.76	 0.0
02.06	 10.66	 0.0
03.06	 12.69	 0.0
04.06	 10.86	 0.0
05.06	 11.21	 0.0
06.06	  9.25	 0.0
07.06	 11.02	 0.0
08.06	 10.22	 0.0
09.06	  9.24	 0.0
10.06	 10.30	 0.0
11.06	 11.84	 0.0
12.06	 10.46	 0.0
13.06	 13.28	 0.0
14.06	 11.22	 0.0
15.06	  9.95	 0.0
16.06	  9.36	 0.0
17.06	 12.79	 0.0
18.06	 13.36	 0.0
19.06	 11.64	 0.0
20.06	 18.25	 0.0
21.06	 18.01	 0.0
22.06	 20.01	 0.0
23.06	 20.34	 0.0
24.06	 17.57	 0.0
25.06	 15.24	 0.0
26.06	 12.12	 0.0
27.06	 13.16	 0.0
28.06	 12.16	 0.0
29.06	 12.44	 0.0
30.06	 15.13	 0.0
01.07	 12.42	 0.0
02.07	 15.34	 0.0
03.07	 16.54	 0.0
04.07	 17.59	 0.0
05.07	 16.37	 0.0
06.07	 14.13	 0.0
07.07	 16.26	 0.0
08.07	 17.93	 0.0
09.07	 18.00	 0.0
10.07	 16.47	 0.0
11.07	 19.00	 0.0
12.07	 19.03	 0.0
13.07	 21.01	 0.0
14.07	 20.50	 0.0
15.07	 19.91	 0.0
16.07	 20.83	 0.0
17.07	 21.76	 0.0
18.07	 21.91	 0.0
19.07	 24.25	 0.0
20.07	 19.39	 0.0
21.07	 19.29	 0.0
22.07	 18.28	 0.0
23.07	 17.35	 0.0
24.07	 17.45	 0.0
25.07	 20.14	 0.0
26.07	 15.90	 0.0
27.07	 19.64	 0.0
28.07	 21.93	 0.0
29.07	 20.69	 0.0
30.07	 20.39	 0.0
31.07	 20.96	 0.0
01.08	 25.07
02.08	 23.91	 0.0
03.08	 20.86	 0.0
04.08	 19.20	 0.0
05.08	 19.47	 0.0
06.08	 19.58	 0.0
07.08	 21.16	 0.0
08.08	 20.21	 0.0
09.08	 16.98	 0.0
10.08	  9.64	 0.0
11.08	  8.71	 0.0
12.08	  5.65	 0.0
13.08	  8.58	 0.0
14.08	  9.95	 0.0
15.08	 10.97	 0.0
16.08	 10.30	 0.0
17.08	 12.50	 0.0
18.08	 13.17	 0.0
19.08	 12.59	 0.0
20.08	 15.03	 0.0
21.08	 14.35	 0.0
22.08	 14.93	 0.0
23.08	 13.51	 0.0
24.08	 15.79	 0.0
25.08	 10.28	 0.0
26.08	  9.40	 0.0
27.08	  9.45	 0.0
28.08	  5.59	 0.0
29.08	 10.86	 0.0
30.08	  9.26	 0.0
31.08	  7.76	 0.0
01.09	  7.43	 0.0
02.09	  4.99	 0.0
03.09	  5.10	 0.0
04.09	  5.07	 0.0
05.09	  3.74	 0.0
06.09	  7.70	 0.0
07.09	  6.36	 0.0
08.09	  8.36	 0.0
09.09	  6.69	 0.0
10.09	  3.52	 0.0
11.09	  4.11	 0.0
12.09	  3.59	 0.0
13.09	  2.10	 0.0
14.09	 -0.77	 0.0
15.09	  1.34	 0.0
16.09	  2.34	 0.0
17.09	  1.63	 0.0
18.09	  2.24	 0.0
19.09	  1.64	 0.0
20.09	  1.49	 0.0
21.09	 -1.32	 0.0
22.09	 -0.89	 0.0
23.09	 -4.29	 0.0
24.09	 -1.84	 0.0
25.09	 -0.19	 5.0
26.09	 -2.15	 3.0
27.09	 -2.02	 1.0
28.09	 -3.05	 1.0
29.09	 -1.21	 0.0
30.09	 -6.31	 0.0
01.10	 -9.53	 0.0
02.10	 -9.28	 0.0
03.10	 -5.60	 0.0
04.10	 -3.24	 4.0
05.10	 -1.54	 6.0
06.10	 -4.00	 4.0
07.10	-10.64	 4.0
08.10	 -9.47	 3.0
09.10	 -8.36	 4.0
10.10	 -6.77	 5.0
11.10	 -5.84	 5.0
12.10	 -7.69	 5.0
13.10	 -9.10	 5.0
14.10	 -9.59	 5.0
15.10	 -8.36	 5.0
16.10	 -9.78	 6.0
17.10	 -7.71	 5.0
18.10	 -9.05	10.0
19.10	-21.07	10.0
20.10	-18.05	10.0
21.10	-19.69	10.0
22.10	-21.76	 0.0
23.10	-23.05	10.0
24.10	-22.11	10.0
25.10	-20.65	11.0
26.10	-18.79	26.0
27.10	-23.49	 0.0
28.10	-18.60	26.0
29.10	-31.50	26.0
30.10	-36.15	23.0
31.10	-38.73	23.0
01.11	-39.46	23.0
02.11	-40.66	22.0
03.11	-41.85	22.0
04.11	-39.58	22.0
05.11	-34.24	22.0
06.11	-37.07	22.0
07.11	-35.46	22.0
08.11	-29.88	19.0
09.11	-32.64	19.0
10.11	-34.60	19.0
11.11	-31.20	19.0
12.11	-32.09	19.0
13.11	-38.24	19.0
14.11	-43.27	19.0
15.11	-44.79	19.0
16.11	-46.31	19.0
17.11	-44.76	19.0
18.11	-36.52	19.0
19.11	-31.02	19.0
20.11	-36.55	19.0
21.11	-37.52	19.0
22.11	-35.70	19.0
23.11	-32.99	19.0
24.11	-29.34	19.0
25.11	-39.05	19.0
26.11	-45.23	19.0
27.11	-47.30	19.0
28.11	-45.24	19.0
29.11	-44.79	20.0
30.11	-47.33	20.0
01.12	-48.22	20.0
02.12	-45.29	20.0
03.12	-45.05	20.0
04.12	-46.95	20.0
05.12	-49.39	20.0
06.12	-46.80	20.0
07.12	-44.21	20.0
08.12	-42.71	20.0
09.12	-43.50	20.0
10.12	-42.92	20.0
11.12	-47.15	20.0
12.12	-45.69	20.0
13.12	-35.52	20.0
14.12	-36.85	20.0
15.12	-42.08	20.0
16.12	-37.27	20.0
17.12	-35.19	20.0
18.12	-30.81	20.0
19.12	-24.97	20.0
20.12	-29.71	31.0
21.12	-35.84	21.0
22.12	-42.93	21.0
23.12	-49.86	21.0
24.12	-51.07	21.0
25.12	-51.57	21.0
26.12	-52.34	21.0
27.12	-52.31	21.0
28.12	-50.27	21.0
29.12	-53.08	21.0
30.12	-53.64	21.0
31.12	-51.46	21.0
