01.01	-50.27	21.0
02.01	-50.59	21.0
03.01	-49.40	21.0
04.01	-50.12	21.0
05.01	-51.96	21.0
06.01	-52.40	21.0
07.01	-51.67	21.0
08.01	-46.45	21.0
09.01	-45.26	21.0
10.01	-49.44	21.0
11.01	-51.29	21.0
12.01	-51.00	21.0
13.01	-49.43	21.0
14.01	-41.76	21.0
15.01	-33.90	21.0
16.01	-35.21	21.0
17.01	-30.41	22.0
18.01	-22.71	22.0
19.01	-30.95	27.0
20.01	-33.12	26.0
21.01	-26.64	26.0
22.01	-30.95	26.0
23.01	-37.23	 0.0
24.01	-41.94	26.0
25.01	-31.92	26.0
26.01	-39.62	26.0
27.01	-45.06	26.0
28.01	-44.64	26.0
29.01	-47.30	26.0
30.01	-46.56	26.0
31.01	-40.03	26.0
01.02	-39.30	 0.0
02.02	-44.90	26.0
03.02	-47.51	26.0
04.02	-50.59	25.0
05.02	-52.05	25.0
06.02	-50.37	25.0
07.02	-50.62	25.0
08.02	-49.94	25.0
09.02	-52.73	25.0
10.02	-53.55	25.0
11.02	-50.56	25.0
12.02	-48.93	25.0
13.02	-42.59	25.0
14.02	-42.20	25.0
15.02	-43.85	25.0
16.02	-44.48	25.0
17.02	-43.95	25.0
18.02	-42.34	25.0
19.02	-42.99	25.0
20.02	-43.73	25.0
21.02	-44.16	25.0
22.02	-43.90	25.0
23.02	-39.25	25.0
24.02	-44.31	26.0
25.02	-41.86	26.0
26.02	-38.34	26.0
27.02	-34.92	26.0
28.02	-34.30	26.0
29.02	-29.88	26.0
01.03	-26.86	26.0
02.03	-30.55	26.0
03.03	-33.90	26.0
04.03	-35.51	26.0
05.03	-35.77	26.0
06.03	-38.49	26.0
07.03	-38.07	26.0
08.03	-34.60	26.0
09.03	-28.04	26.0
10.03	-26.25	24.0
11.03	-32.47	24.0
12.03	-32.08	24.0
13.03	-34.49	24.0
14.03	-35.91	24.0
15.03	-36.33	24.0
16.03	-35.40	24.0
17.03	-32.56	24.0
18.03	-30.65	24.0
19.03	-32.27	24.0
20.03	-31.68	24.0
21.03	-18.93	25.0
22.03	-16.98	26.0
23.03	-21.00	26.0
24.03	-18.95	26.0
25.03	-16.00	26.0
26.03	-20.10	26.0
27.03	-22.91	26.0
28.03	-21.96	26.0
29.03	-20.27	 0.0
30.03	-18.16	26.0
31.03	-18.99	26.0
01.04	-16.09	26.0
02.04	-16.39	26.0
03.04	-14.39	26.0
04.04	-16.64	26.0
05.04	-16.50	26.0
06.04	-13.95	24.0
07.04	-16.10	24.0
08.04	-15.99	24.0
09.04	-16.35	23.0
10.04	-14.80	23.0
11.04	-14.01	23.0
12.04	-12.41	22.0
13.04	 -4.86	22.0
14.04	 -4.67	21.0
15.04	 -5.31	 0.0
16.04	 -2.17	18.0
17.04	 -0.75	15.0
18.04	  0.14	14.0
19.04	 -1.09	12.0
20.04	 -3.09	 6.0
21.04	  0.02	 4.0
22.04	  0.99	 4.0
23.04	 -0.06	 6.0
24.04	 -1.89	 4.0
25.04	 -3.27	 0.0
26.04	  0.94	 1.0
27.04	  1.59	 1.0
28.04	 -0.40	 5.0
29.04	  0.57	 4.0
30.04	 -1.11	 0.0
01.05	 -2.67	 0.0
02.05	 -1.61	 0.0
03.05	  0.71	 0.0
04.05	  2.35	 0.0
05.05	  4.01	 0.0
06.05	  5.61	 0.0
07.05	  7.67	 0.0
08.05	  9.01	 0.0
09.05	 11.19	 0.0
10.05	 12.47	 0.0
11.05	 11.35	 0.0
12.05	  5.96	 0.0
13.05	  3.38	 0.0
14.05	  3.67	 0.0
15.05	  6.66	 0.0
16.05	 12.75	 0.0
17.05	 10.64	 0.0
18.05	  4.74	 0.0
19.05	  5.42	 0.0
20.05	  9.95	 0.0
21.05	  6.04	 0.0
22.05	  3.96	 0.0
23.05	  6.54	 0.0
24.05	 10.08	 0.0
25.05	 13.60	 0.0
26.05	 13.40	 0.0
27.05	 14.81	 0.0
28.05	 16.14	 0.0
29.05	 14.70	 0.0
30.05	 12.64	 0.0
31.05	 13.85	 0.0
01.06	 16.94	 0.0
02.06	 17.38	 0.0
03.06	  7.28	 0.0
04.06	  3.55	 0.0
05.06	  5.36	 0.0
06.06	  8.82	 0.0
07.06	 12.09	 0.0
08.06	 17.09	 0.0
09.06	 17.84	 0.0
10.06	 21.05	 0.0
11.06	 18.04	 0.0
12.06	 20.64	 0.0
13.06	 19.65	 0.0
14.06	 20.05	 0.0
15.06	 15.61	 0.0
16.06	 17.66	 0.0
17.06	 15.69	 0.0
18.06	 19.89	 0.0
19.06	 18.68	 0.0
20.06	 18.93	 0.0
21.06	 17.11	 0.0
22.06	  8.11	 0.0
23.06	  9.82	 0.0
24.06	 13.62	 0.0
25.06	 15.75	 0.0
26.06	 19.25	 0.0
27.06	 22.51	 0.0
28.06	 20.12	 0.0
29.06	 18.00	 0.0
30.06	 14.49	 0.0
01.07	 16.53	 0.0
02.07	 15.89	 0.0
03.07	 16.60	 0.0
04.07	 15.01	 0.0
05.07	 15.18	 0.0
06.07	 11.69	 0.0
07.07	 12.45	 0.0
08.07	 13.86	 0.0
09.07	 16.05	 0.0
10.07	 16.99	 0.0
11.07	 17.38	 0.0
12.07	 18.66	 0.0
13.07	 20.20	 0.0
14.07	 18.34	 0.0
15.07	 18.11	 0.0
16.07	 18.91	 0.0
17.07	 14.43	 0.0
18.07	 12.95	 0.0
19.07	 13.97	 0.0
20.07	 16.64	 0.0
21.07	 19.36	 0.0
22.07	 15.00	 0.0
23.07	 11.39	 0.0
24.07	 10.99	 0.0
25.07	 15.34	 0.0
26.07	 16.78	 0.0
27.07	 16.01	 0.0
28.07	  8.56	 0.0
29.07	 11.82	 0.0
30.07	 15.55	 0.0
31.07	 16.26	 0.0
01.08	 18.74	 0.0
02.08	 17.45	 0.0
03.08	 19.21	 0.0
04.08	 17.63	 0.0
05.08	 15.72	 0.0
06.08	 12.17	 0.0
07.08	  8.74	 0.0
08.08	  8.95	 0.0
09.08	 11.99	 0.0
10.08	 11.92	 0.0
11.08	 13.50	 0.0
12.08	 13.29	 0.0
13.08	 15.06	 0.0
14.08	 13.00	 0.0
15.08	 13.31	 0.0
16.08	 13.71	 0.0
17.08	 15.44	 0.0
18.08	 12.06	 0.0
19.08	 12.03	 0.0
20.08	 10.85	 0.0
21.08	 12.36	 0.0
22.08	  9.97	 0.0
23.08	  8.63	 0.0
24.08	  9.33	 0.0
25.08	  8.35	 0.0
26.08	  7.80	 0.0
27.08	 11.21	 0.0
28.08	  8.94	 0.0
29.08	  7.24	 0.0
30.08	  8.75	 0.0
31.08	  8.07	 0.0
01.09	  6.35	 0.0
02.09	  5.40	 0.0
03.09	  4.86	 0.0
04.09	  3.40	 0.0
05.09	 10.25	 0.0
06.09	  9.80	 0.0
07.09	  8.71	 0.0
08.09	  6.42	 0.0
09.09	  4.59	 0.0
10.09	  4.01	 0.0
11.09	  6.01	 0.0
12.09	  3.45	 0.0
13.09	  1.46	 0.0
14.09	  4.65	 0.0
15.09	  4.00	 0.0
16.09	  3.34	 0.0
17.09	  0.15	 0.0
18.09	 -2.10	 0.0
19.09	 -0.30	 0.0
20.09	  1.61	 0.0
21.09	  1.69	 0.0
22.09	 -1.38	 0.0
23.09	  1.80	 0.0
24.09	  4.62	 0.0
25.09	  3.16	 0.0
26.09	  1.39	 0.0
27.09	  0.06	 0.0
28.09	  0.27	 0.0
29.09	  2.78	 0.0
30.09	  1.15	 0.0
01.10	  1.03	 0.0
02.10	 -1.50	 0.0
03.10	 -4.49	 0.0
04.10	 -5.33	 0.0
05.10	 -8.57	 0.0
06.10	 -4.94	 0.0
07.10	 -5.10	 0.0
08.10	 -4.96	 0.0
09.10	 -2.94	 3.0
10.10	 -2.19	 2.0
11.10	 -2.09	 6.0
12.10	 -5.67	 5.0
13.10	 -8.36	 6.0
14.10	 -7.07	 6.0
15.10	 -5.54	 6.0
16.10	 -3.27	 8.0
17.10	 -3.16	 8.0
18.10	 -7.69	 8.0
19.10	 -6.61	 8.0
20.10	 -6.80	 9.0
21.10	 -9.50	 8.0
22.10	-14.34	 8.0
23.10	-15.79	 8.0
24.10	-19.21	 8.0
25.10	-24.16	 8.0
26.10	-18.74	 8.0
27.10	-19.51	 9.0
28.10	-23.51	 9.0
29.10	-13.88	11.0
30.10	 -8.04	 9.0
31.10	 -9.69	 9.0
01.11	-13.21	 9.0
02.11	-13.29	 9.0
03.11	-17.23	 9.0
04.11	-16.35	10.0
05.11	-16.57	10.0
06.11	-28.71	13.0
07.11	-30.66	13.0
08.11	-30.09	13.0
09.11	-28.00	13.0
10.11	-33.64	13.0
11.11	-35.02	13.0
12.11	-34.71	13.0
13.11	-38.05	13.0
14.11	-34.64	13.0
15.11	-35.21	13.0
16.11	-31.82	13.0
17.11	-39.56	13.0
18.11	-35.91	13.0
19.11	-38.30	13.0
20.11	-30.64	14.0
21.11	-24.70	15.0
22.11	-26.90	20.0
23.11	-24.30	21.0
24.11	-28.20	22.0
25.11	-28.57	23.0
26.11	-20.36	22.0
27.11	-27.38	22.0
28.11	-32.51	22.0
29.11	-28.07	22.0
30.11	-38.01	22.0
01.12	-36.19	22.0
02.12	-37.10	23.0
03.12	-40.59	23.0
04.12	-36.30	23.0
05.12	-39.45	24.0
06.12	-43.16	24.0
07.12	-41.66	24.0
08.12	-40.90	24.0
09.12	-42.86	24.0
10.12	-44.40	24.0
11.12	-46.27	24.0
12.12	-49.69	24.0
13.12	-51.42	24.0
14.12	-49.90	24.0
15.12	-45.42	24.0
16.12	-43.20
17.12	-48.77	24.0
18.12	-49.39	 0.0
19.12	-49.09	25.0
20.12	-50.05	25.0
21.12	-44.38	25.0
22.12	-37.69	26.0
23.12	-38.86	26.0
24.12	-50.60	25.0
25.12	-42.68	26.0
26.12	-36.52	23.0
27.12	-41.81	26.0
28.12	-44.55	26.0
29.12	-41.19	26.0
30.12	-35.24	26.0
31.12	-38.99	26.0
