01.01	-46.42	 0.0
02.01	-43.85	 0.0
03.01	-44.30	 0.0
04.01	-47.98	 0.0
05.01	-45.00	 0.0
06.01	-45.65	 0.0
07.01	-46.85	 0.0
08.01	-49.58	 0.0
09.01	-49.95	 0.0
10.01	-48.50	 0.0
11.01	-49.38	 0.0
12.01	-51.92	 0.0
13.01	-54.12	 0.0
14.01	-51.73	 0.0
15.01	-51.88	 0.0
16.01	-51.67	 0.0
17.01	-51.10	 0.0
18.01	-47.25	 0.0
19.01	-49.38	 0.0
20.01	-50.75	 0.0
21.01	-52.23	 0.0
22.01	-53.30	 0.0
23.01	-54.07	 0.0
24.01	-50.60	 0.0
25.01	-34.52	 0.0
26.01	-32.80	 0.0
27.01	-39.40	 0.0
28.01	-39.65	 0.0
29.01	-32.27	 0.0
30.01	-39.20	 0.0
31.01	-45.60	 0.0
01.02	-43.95	 0.0
02.02	-45.90	 0.0
03.02	-47.02	 0.0
04.02	-43.95	 0.0
05.02	-39.27	 0.0
06.02	-39.65	 0.0
07.02	-43.58	 0.0
08.02	-47.45	 0.0
09.02	-43.48	 0.0
10.02	-33.95	 0.0
11.02	-39.02	 0.0
12.02	-42.55	 0.0
13.02	-40.98	 0.0
14.02	-46.20	 0.0
15.02	-46.52	 0.0
16.02	-48.88	 0.0
17.02	-50.45	 0.0
18.02	-50.83	 0.0
19.02	-45.27	 0.0
20.02	-43.32	 0.0
21.02	-45.90	 0.0
22.02	-47.53	 0.0
23.02	-44.18	 0.0
24.02	-36.15	 0.0
25.02	-41.20	 0.0
26.02	-46.28	 0.0
27.02	-46.20	 0.0
28.02	-35.23	 0.0
01.03	-37.55	 0.0
02.03	-41.77	 0.0
03.03	-42.48	 0.0
04.03	-42.12	 0.0
05.03	-35.97	 0.0
06.03	-35.50	 0.0
07.03	-37.00	 0.0
08.03	-36.45	 0.0
09.03	-35.75	 0.0
10.03	-34.70	 0.0
11.03	-34.10	 0.0
12.03	-35.57	 0.0
13.03	-33.00	 0.0
14.03	-29.27	 0.0
15.03	-19.02	 0.0
16.03	-13.80	 0.0
17.03	-11.88	 0.0
18.03	-12.18	 0.0
19.03	-12.10	 0.0
20.03	 -8.90	 0.0
21.03	 -8.22	 0.0
22.03	 -9.38	 0.0
23.03	 -7.58	 0.0
24.03	-10.47	 0.0
25.03	 -9.75	 0.0
26.03	-13.78	 0.0
27.03	-15.62	 0.0
28.03	-15.05	 0.0
29.03	-13.32	 0.0
30.03	-13.10	 0.0
31.03	 -8.62	 0.0
01.04	 -7.00	 0.0
02.04	-11.70	 0.0
03.04	-11.62	 0.0
04.04	-16.38	 0.0
05.04	-13.90	 0.0
06.04	-12.88	 0.0
07.04	-10.40	 0.0
08.04	-12.65	 0.0
09.04	-15.48	 0.0
10.04	-16.43	 0.0
11.04	-13.40	 0.0
12.04	-11.47	 0.0
13.04	-13.75	 0.0
14.04	 -9.23	 0.0
15.04	 -7.62	 0.0
16.04	-10.38	22.0
17.04	 -2.78	 0.0
18.04	 -2.50	 0.0
19.04	 -3.52	 0.0
20.04	 -8.82	 0.0
21.04	 -7.55	 0.0
22.04	 -5.33	 0.0
23.04	 -3.48	 0.0
24.04	 -0.17	 0.0
25.04	  0.60	 0.0
26.04	  1.43	 0.0
27.04	 -4.25	 0.0
28.04	  0.02	 0.0
29.04	  2.60	 0.0
30.04	  2.95	 0.0
01.05	  1.77	 0.0
02.05	  1.95	 0.0
03.05	  0.57	 0.0
04.05	  0.82	 0.0
05.05	  1.28	 0.0
06.05	  1.00	 0.0
07.05	  3.65	 0.0
08.05	  3.43	 0.0
09.05	  2.98	 0.0
10.05	  1.85	 0.0
11.05	  0.72	 0.0
12.05	  0.92	 0.0
13.05	  3.57	 0.0
14.05	  6.50	 0.0
15.05	  5.57	 0.0
16.05	  6.38	 0.0
17.05	  6.70	 0.0
18.05	  5.80	 0.0
19.05	  5.38	 0.0
20.05	  8.32	 0.0
21.05	  8.27	 0.0
22.05	  5.33	 0.0
23.05	  6.95	 0.0
24.05	  5.00	 0.0
25.05	  7.33	 0.0
26.05	 10.08	 0.0
27.05	 12.35	 0.0
28.05	 11.35	 0.0
29.05	 11.50	 0.0
30.05	 16.43	 0.0
31.05	 12.45	 0.0
01.06	 15.15	 0.0
02.06	 14.18	 0.0
03.06	  3.28	 0.0
04.06	 10.18	 0.0
05.06	 19.65	 0.0
06.06	 22.65	 0.0
07.06	 19.28	 0.0
08.06	 18.77	 0.0
09.06	 18.28	 0.0
10.06	 17.45	 0.0
11.06	 15.83	 0.0
12.06	 15.03	 0.0
13.06	 17.73	 0.0
14.06	 15.15	 0.0
15.06	 16.28	 0.0
16.06	 22.02	 0.0
17.06	 25.13
18.06	 22.80	 0.0
19.06	 21.18	 0.0
20.06	 22.83	 0.0
21.06	 22.62	 0.0
22.06	 19.80	 0.0
23.06	 18.95	 0.0
24.06	 14.55	 0.0
25.06	 13.97	 0.0
26.06	 19.97
27.06	 19.02	 0.0
28.06	 20.12	 0.0
29.06	 22.15	 0.0
30.06	 20.65	 0.0
01.07	 16.95	 0.0
02.07	 17.07	 0.0
03.07	 16.82	 0.0
04.07	 17.25	 0.0
05.07	 15.88	 0.0
06.07	 13.77	 0.0
07.07	 14.30	 0.0
08.07	 14.12	 0.0
09.07	 15.60	 0.0
10.07	 13.55	 0.0
11.07	 15.98	 0.0
12.07	 15.28	 0.0
13.07	 13.45	 0.0
14.07	 18.15	 0.0
15.07	 16.38	 0.0
16.07	 15.77	 0.0
17.07	 15.72	 0.0
18.07	 18.30	 0.0
19.07	 17.80	 0.0
20.07	 19.60	 0.0
21.07	 14.92
22.07	 18.32	 0.0
23.07	 21.13	 0.0
24.07	 14.90	 0.0
25.07	 17.48	 0.0
26.07	 20.68	 0.0
27.07	 20.00	 0.0
28.07	 18.95	 0.0
29.07	 21.23	 0.0
30.07	 16.52	 0.0
31.07	 18.68	 0.0
01.08	 17.80
02.08	 15.75	 0.0
03.08	 12.07	 0.0
04.08	 14.40	 0.0
05.08	 12.80	 0.0
06.08	 13.62	 0.0
07.08	 12.15	 0.0
08.08	 12.70	 0.0
09.08	 12.70	 0.0
10.08	 10.55	 0.0
11.08	 11.05	 0.0
12.08	 13.62	 0.0
13.08	 12.82	 0.0
14.08	 15.80	 0.0
15.08	 15.75	 0.0
16.08	 16.15	 0.0
17.08	 16.15	 0.0
18.08	 10.88	 0.0
19.08	  7.62	 0.0
20.08	  8.60	 0.0
21.08	 11.57	 0.0
22.08	 12.00	 0.0
23.08	  9.38	 0.0
24.08	  5.05	 0.0
25.08	  5.33	 0.0
26.08	  3.20	 0.0
27.08	  5.73	 0.0
28.08	  5.70	 0.0
29.08	  5.12	 0.0
30.08	  5.62	 0.0
31.08	  6.20	 0.0
01.09	 11.75	 0.0
02.09	 14.08	 0.0
03.09	 15.38	 0.0
04.09	  8.97	 0.0
05.09	  9.93	 0.0
06.09	  3.70	 0.0
07.09	  4.80	 0.0
08.09	  7.88	 0.0
09.09	  7.62	 0.0
10.09	  6.40	 0.0
11.09	  9.93	 0.0
12.09	  9.85	 0.0
13.09	  6.45	 0.0
14.09	  3.95	 0.0
15.09	  5.72	 0.0
16.09	  4.13	 0.0
17.09	  6.17	 0.0
18.09	  4.10	 0.0
19.09	  3.65	 0.0
20.09	  6.30	 0.0
21.09	  5.57
22.09	  5.57	 0.0
23.09	  1.88	 0.0
24.09	 -0.47	 0.0
25.09	  1.12	 0.0
26.09	 -2.25	 0.0
27.09	 -3.43	 0.0
28.09	 -5.32	 0.0
29.09	 -0.72	 0.0
30.09	 -1.93	 0.0
01.10	 -4.43	 0.0
02.10	 -3.07	 0.0
03.10	  0.55	 0.0
04.10	  0.25	 0.0
05.10	  0.10	 0.0
06.10	 -5.83	 0.0
07.10	 -8.20	 0.0
08.10	 -7.28	 0.0
09.10	 -4.85	 0.0
10.10	 -4.08	 0.0
11.10	 -5.70	 0.0
12.10	 -8.00	 0.0
13.10	 -8.68	 0.0
14.10	 -9.52	 0.0
15.10	-15.60	 0.0
16.10	-13.00	 0.0
17.10	 -9.12	 0.0
18.10	 -9.70	 0.0
19.10	 -9.22	 0.0
20.10	 -7.83	 0.0
21.10	 -2.92	 0.0
22.10	 -4.72	 0.0
23.10	 -5.30	 0.0
24.10	 -8.18	 0.0
25.10	-10.25	 0.0
26.10	-13.38	 0.0
27.10	-22.27	 0.0
28.10	-29.03	 0.0
29.10	-34.33	 0.0
30.10	-36.08	 0.0
31.10	-32.55	 0.0
01.11	-25.02	 0.0
02.11	-16.85	 0.0
03.11	-27.40	 0.0
04.11	-34.40	 0.0
05.11	-31.80	 0.0
06.11	-33.83	 0.0
07.11	-24.00	 0.0
08.11	-20.38	 0.0
09.11	-23.70	 0.0
10.11	-27.75	 0.0
11.11	-33.12	 0.0
12.11	-36.70	 0.0
13.11	-35.40	 0.0
14.11	-30.27	 0.0
15.11	-29.57	 0.0
16.11	-33.62	 0.0
17.11	-31.75	 0.0
18.11	-30.70	 0.0
19.11	-30.52	 0.0
20.11	-31.75	 0.0
21.11	-28.50	 0.0
22.11	-23.60	 0.0
23.11	-27.50	 0.0
24.11	-37.22	 0.0
25.11	-42.52	 0.0
26.11	-43.72	 0.0
27.11	-44.38	 0.0
28.11	-45.25	 0.0
29.11	-45.75	 0.0
30.11	-46.67	 0.0
01.12	-44.28	 0.0
02.12	-47.40	 0.0
03.12	-46.30	 0.0
04.12	-49.48	 0.0
05.12	-49.85	 0.0
06.12	-47.00	 0.0
07.12	-46.12	 0.0
08.12	-44.52	 0.0
09.12	-40.42	 0.0
10.12	-34.20	 0.0
11.12	-36.60	 0.0
12.12	-40.62	 0.0
13.12	-40.17	 0.0
14.12	-37.85	 0.0
15.12	-34.85	 0.0
16.12	-32.12	 0.0
17.12	-28.10	 0.0
18.12	-25.20	 0.0
19.12	-25.48	 0.0
20.12	-38.40	 0.0
21.12	-33.70	 0.0
22.12	-40.82	 0.0
23.12	-44.03	 0.0
24.12	-45.45	 0.0
25.12	-47.67	 0.0
26.12	-47.62	 0.0
27.12	-46.38	 0.0
28.12	-45.15	 0.0
29.12	-43.25	 0.0
30.12	-43.10	 0.0
31.12	-33.02	 0.0
