01.01	-51.42	 0.0
02.01	-53.25	 0.0
03.01	-53.48	 0.0
04.01	-53.93	 0.0
05.01	-51.12	 0.0
06.01	-52.45	 0.0
07.01	-46.28	 0.0
08.01	-40.45	 0.0
09.01	-40.97	 0.0
10.01	-43.12	 0.0
11.01	-39.12	 0.0
12.01	-45.40	 0.0
13.01	-48.15	 0.0
14.01	-51.95	 0.0
15.01	-53.38	 0.0
16.01	-52.45	 0.0
17.01	-50.25	 0.0
18.01	-55.37
19.01	-52.85	 0.0
20.01	-55.38	 0.0
21.01	-51.02	 0.0
22.01	-49.42	 0.0
23.01	-43.80	 0.0
24.01	-47.33	 0.0
25.01	-53.95	 0.0
26.01	-53.62	 0.0
27.01	-52.15	 0.0
28.01	-47.25	 0.0
29.01	-42.12	 0.0
30.01	-49.12	 0.0
31.01	-49.92	 0.0
01.02	-50.65	 0.0
02.02	-45.97	 0.0
03.02	-50.10	 0.0
04.02	-50.08	 0.0
05.02	-48.60	 0.0
06.02	-47.70	 0.0
07.02	-46.83	 0.0
08.02	-50.30	 0.0
09.02	-49.38	 0.0
10.02	-44.32	 0.0
11.02	-48.72	 0.0
12.02	-52.98	 0.0
13.02	-51.70
14.02	-53.25	 0.0
15.02	-51.12	 0.0
16.02	-46.02	 0.0
17.02	-41.93	 0.0
18.02	-38.67	 0.0
19.02	-41.65	 0.0
20.02	-47.58	 0.0
21.02	-47.33	 0.0
22.02	-41.45	 0.0
23.02	-41.45	 0.0
24.02	-48.90	 0.0
25.02	-48.20	 0.0
26.02	-43.30	 0.0
27.02	-33.20	 0.0
28.02	-29.88	 0.0
29.02	-29.57	 0.0
01.03	-31.40	 0.0
02.03	-33.33	 0.0
03.03	-31.95	 0.0
04.03	-32.90	 0.0
05.03	-31.25	 0.0
06.03	-30.68	 0.0
07.03	-25.95	 0.0
08.03	-23.98	 0.0
09.03	-33.60	 0.0
10.03	-35.88	 0.0
11.03	-35.95	 0.0
12.03	-33.75	 0.0
13.03	-30.48	 0.0
14.03	-21.57
15.03	-20.30	 0.0
16.03	-25.32	 0.0
17.03	-20.73	 0.0
18.03	-19.90	 0.0
19.03	-13.75	 0.0
20.03	-14.78	 0.0
21.03	-13.72	 0.0
22.03	-12.00	 0.0
23.03	-17.58	 0.0
24.03	-21.38	 0.0
25.03	-20.35	 0.0
26.03	-16.32	 0.0
27.03	-14.05	 0.0
28.03	 -9.15	 0.0
29.03	 -5.75	 0.0
30.03	-11.10	 0.0
31.03	 -8.12	 0.0
01.04	-11.72	 0.0
02.04	 -7.35	 0.0
03.04	-10.72	 0.0
04.04	-13.85	 0.0
05.04	-11.52	 0.0
06.04	 -2.27	 0.0
07.04	-15.30	 0.0
08.04	-14.85	 0.0
09.04	-10.90	 0.0
10.04	-14.20	 0.0
11.04	-16.83	 0.0
12.04	-17.40	 0.0
13.04	-16.95	 0.0
14.04	-13.90	 0.0
15.04	 -8.25	 0.0
16.04	-10.95	 0.0
17.04	-17.52	 0.0
18.04	-15.25	 0.0
19.04	-11.70	 0.0
20.04	-13.62	 0.0
21.04	-13.32	 0.0
22.04	-10.35	 0.0
23.04	-13.22	 0.0
24.04	-12.97	 0.0
25.04	-12.07	 0.0
26.04	 -8.18	 0.0
27.04	 -5.03	 0.0
28.04	 -3.47	 0.0
29.04	 -2.60	 0.0
30.04	 -3.10	 0.0
01.05	 -4.55	 0.0
02.05	 -3.62	 0.0
03.05	 -3.12	 0.0
04.05	 -2.15	 0.0
05.05	 -1.03	 0.0
06.05	 -1.60
07.05	  8.90
08.05	  6.55	 0.0
09.05	  6.35	 0.0
10.05	  5.88	 0.0
11.05	  5.62	 0.0
12.05	  4.67	 0.0
13.05	  6.90	 0.0
14.05	  7.05	 0.0
15.05	  7.52	 0.0
16.05	  7.38	 0.0
17.05	  8.58	 0.0
18.05	  8.45	 0.0
19.05	 10.30	 0.0
20.05	  4.95	 0.0
21.05	  4.45	 0.0
22.05	  6.20	 0.0
23.05	  8.90	 0.0
24.05	 12.62	 0.0
25.05	 12.18	 0.0
26.05	 12.87	 0.0
27.05	 14.98	 0.0
28.05	 16.23	 0.0
29.05	 17.42	 0.0
30.05	 16.95	 0.0
31.05	 17.07	 0.0
01.06	 16.68	 0.0
02.06	 14.25	 0.0
03.06	 17.10	 0.0
04.06	 15.68	 0.0
05.06	 13.10	 0.0
06.06	  6.18	 0.0
07.06	  8.70
08.06	  9.63	 0.0
09.06	 14.48	 0.0
10.06	 11.18	 0.0
11.06	  8.63	 0.0
12.06	 11.17	 0.0
13.06	 13.45	 0.0
14.06	 17.90	 0.0
15.06	 19.18	 0.0
16.06	 17.07	 0.0
17.06	 13.20	 0.0
18.06	 18.35	 0.0
19.06	 16.50	 0.0
20.06	 19.23	 0.0
21.06	 17.07	 0.0
22.06	 13.12	 0.0
23.06	 15.68	 0.0
24.06	 19.33	 0.0
25.06	 18.50	 0.0
26.06	 16.30	 0.0
27.06	 16.60	 0.0
28.06	 15.50	 0.0
29.06	 20.80	 0.0
30.06	 21.65	 0.0
01.07	 16.58	 0.0
02.07	  8.82	 0.0
03.07	 11.10	 0.0
04.07	 13.90	 0.0
05.07	 11.27	 0.0
06.07	 11.70	 0.0
07.07	 14.60	 0.0
08.07	 17.63
09.07	 18.67	 0.0
10.07	 28.75
11.07	 24.40
12.07	 16.35	 0.0
13.07	 15.88	 0.0
14.07	 18.38	 0.0
15.07	 20.02	 0.0
16.07	 17.10	 0.0
17.07	 23.25	 0.0
18.07	 23.55	 0.0
19.07	 21.75	 0.0
20.07	 23.45	 0.0
21.07	 19.90	 0.0
22.07	 20.27	 0.0
23.07	 19.40	 0.0
24.07	 16.65	 0.0
25.07	 18.07	 0.0
26.07	 22.73	 0.0
27.07	 21.18	 0.0
28.07	 21.00	 0.0
29.07	 18.45	 0.0
30.07	 11.15	 0.0
31.07	 11.70
01.08	 10.77	 0.0
02.08	  8.97	 0.0
03.08	 11.60	 0.0
04.08	 17.15	 0.0
05.08	 17.32	 0.0
06.08	 15.22	 0.0
07.08	 17.53	 0.0
08.08	 17.83	 0.0
09.08	 18.30	 0.0
10.08	 18.20	 0.0
11.08	 15.00	 0.0
12.08	 14.20	 0.0
13.08	 15.27	 0.0
14.08	 15.97	 0.0
15.08	 15.38	 0.0
16.08	 15.72	 0.0
17.08	 14.17	 0.0
18.08	 13.67	 0.0
19.08	 14.93	 0.0
20.08	 13.45	 0.0
21.08	 15.38	 0.0
22.08	 11.43	 0.0
23.08	 17.12	 0.0
24.08	 17.57	 0.0
25.08	 16.20	 0.0
26.08	 14.08	 0.0
27.08	 14.12	 0.0
28.08	 11.45	 0.0
29.08	 11.10	 0.0
30.08	  9.25	 0.0
31.08	 10.87	 0.0
01.09	  8.05	 0.0
02.09	  7.05	 0.0
03.09	 10.60	 0.0
04.09	  8.90	 0.0
05.09	  3.53	 0.0
06.09	  3.75	 0.0
07.09	  1.53	 0.0
08.09	  2.70	 0.0
09.09	  3.13
10.09	  3.83	 0.0
11.09	  4.58	 0.0
12.09	  6.70	 0.0
13.09	  5.90	 0.0
14.09	  6.55	 0.0
15.09	  2.35	 0.0
16.09	  2.25	 0.0
17.09	  1.20	 0.0
18.09	  3.27	 0.0
19.09	  2.70	 0.0
20.09	  2.73
21.09	  2.27	 0.0
22.09	  3.85	 0.0
23.09	  2.75	 0.0
24.09	  0.87	 0.0
25.09	  5.17	 0.0
26.09	  4.62	 0.0
27.09	  6.05	 0.0
28.09	  4.75	 0.0
29.09	  3.20	 0.0
30.09	 -0.90	 0.0
01.10	 -4.03	 0.0
02.10	 -4.30	 0.0
03.10	  1.25	 0.0
04.10	 -2.40	 0.0
05.10	 -1.40	 0.0
06.10	 -3.30	 0.0
07.10	 -4.10	 0.0
08.10	 -5.17	 0.0
09.10	 -6.60	 0.0
10.10	 -8.18	 0.0
11.10	 -8.47	 0.0
12.10	 -4.85	 0.0
13.10	 -3.65	 0.0
14.10	 -5.50	 0.0
15.10	 -9.72	 0.0
16.10	 -9.20	 0.0
17.10	-11.12	 0.0
18.10	-13.12	 0.0
19.10	-14.35	 0.0
20.10	-14.52	 0.0
21.10	-16.30	 0.0
22.10	-17.45	 0.0
23.10	-13.15	 0.0
24.10	-13.68	 0.0
25.10	-18.50	 0.0
26.10	-21.45	 0.0
27.10	-15.95	 0.0
28.10	-19.50	 0.0
29.10	-17.70	 0.0
30.10	-20.95	 0.0
31.10	-25.15	 0.0
01.11	-24.73	 0.0
02.11	-27.12	 0.0
03.11	-30.38	 0.0
04.11	-30.50	 0.0
05.11	-27.35	 0.0
06.11	-20.85	 0.0
07.11	-21.60	 0.0
08.11	-16.75	 0.0
09.11	-26.62	 0.0
10.11	-23.30	 0.0
11.11	-20.60	 0.0
12.11	-20.40	 0.0
13.11	-21.45	 0.0
14.11	-30.25	 0.0
15.11	-34.02	 0.0
16.11	-40.88	 0.0
17.11	-44.00	 0.0
18.11	-45.83	 0.0
19.11	-45.85	 0.0
20.11	-40.83	 0.0
21.11	-33.73	 0.0
22.11	-28.40	 0.0
23.11	-28.05	 0.0
24.11	-32.42	 0.0
25.11	-33.42	 0.0
26.11	-35.90	 0.0
27.11	-39.05	 0.0
28.11	-30.90	 0.0
29.11	-32.12	 0.0
30.11	-33.53	 0.0
01.12	-39.73	 0.0
02.12	-39.77	 0.0
03.12	-37.62	 0.0
04.12	-30.25	 0.0
05.12	-30.62	 0.0
06.12	-28.52	 0.0
07.12	-32.73	 0.0
08.12	-39.42	 0.0
09.12	-48.75	 0.0
10.12	-52.60	 0.0
11.12	-54.18	 0.0
12.12	-47.75	 0.0
13.12	-48.75	 0.0
14.12	-52.47	 0.0
15.12	-52.95	 0.0
16.12	-47.10	 0.0
17.12	-41.50	 0.0
18.12	-49.20	 0.0
19.12	-53.85	 0.0
20.12	-56.30	 0.0
21.12	-55.72	 0.0
22.12	-54.38	 0.0
23.12	-45.22	 0.0
24.12	-39.62	 0.0
25.12	-27.35	 0.0
26.12	-43.15	 0.0
27.12	-50.12	 0.0
28.12	-41.10	 0.0
29.12	-32.35	 0.0
30.12	-29.67	 0.0
31.12	-39.75	 0.0
