01.01	-46.05	 0.0
02.01	-46.97	 0.0
03.01	-49.68	 0.0
04.01	-44.95	 0.0
05.01	-49.80	 0.0
06.01	-55.05	 0.0
07.01	-57.30	 0.0
08.01	-57.50	 0.0
09.01	-57.42	 0.0
10.01	-55.35	 0.0
11.01	-50.62	 0.0
12.01	-43.50	 0.0
13.01	-48.22	 0.0
14.01	-48.60	 0.0
15.01	-47.90	 0.0
16.01	-50.40	 0.0
17.01	-49.52	 0.0
18.01	-48.75	 0.0
19.01	-48.80	 0.0
20.01	-50.88	 0.0
21.01	-51.02	 0.0
22.01	-46.57	 0.0
23.01	-33.85	 0.0
24.01	-52.80	 0.0
25.01	-48.58	 0.0
26.01	-45.35	 0.0
27.01	-43.83	 0.0
28.01	-42.67	 0.0
29.01	-45.17	 0.0
30.01	-42.35	 0.0
31.01	-48.53	 0.0
01.02	-49.52	 0.0
02.02	-47.62	 0.0
03.02	-50.45	 0.0
04.02	-49.03	 0.0
05.02	-53.85	 0.0
06.02	-53.12	 0.0
07.02	-49.65	 0.0
08.02	-40.73	 0.0
09.02	-43.13	 0.0
10.02	-39.85	 0.0
11.02	-35.27	 0.0
12.02	-38.67	 0.0
13.02	-40.57	 0.0
14.02	-30.05	 0.0
15.02	-38.85	 0.0
16.02	-39.95	 0.0
17.02	-32.72	 0.0
18.02	-40.62	 0.0
19.02	-44.10	 0.0
20.02	-41.00	 0.0
21.02	-41.45	 0.0
22.02	-34.52	 0.0
23.02	-38.45	 0.0
24.02	-44.90	 0.0
25.02	-46.60	 0.0
26.02	-47.05	 0.0
27.02	-44.10	 0.0
28.02	-42.38	 0.0
01.03	-38.40	 0.0
02.03	-39.45	 0.0
03.03	-35.28	 0.0
04.03	-36.47	 0.0
05.03	-41.15	 0.0
06.03	-41.62	 0.0
07.03	-39.80	 0.0
08.03	-20.88	 0.0
09.03	-15.18	 0.0
10.03	-21.15	 0.0
11.03	-13.42	 0.0
12.03	-15.98	 0.0
13.03	-22.55	 0.0
14.03	-13.68	 0.0
15.03	-15.05	 0.0
16.03	-12.95	 0.0
17.03	 -5.35	 0.0
18.03	-10.83	 0.0
19.03	-17.02	 0.0
20.03	-20.67	 0.0
21.03	-20.75	 0.0
22.03	-16.43	 0.0
23.03	-16.55	 0.0
24.03	-17.60	 0.0
25.03	-20.25	 0.0
26.03	-24.12	 0.0
27.03	-26.15	 0.0
28.03	-23.95	 0.0
29.03	-25.48	 0.0
30.03	-23.57	 0.0
31.03	-21.60	 0.0
01.04	-21.75	 0.0
02.04	-21.82	 0.0
03.04	 -8.18	 0.0
04.04	 -8.45	 0.0
05.04	 -8.75	 0.0
06.04	 -8.70	 0.0
07.04	 -9.75	 0.0
08.04	 -8.90	 0.0
09.04	 -5.78	 0.0
10.04	 -8.35	 0.0
11.04	 -6.12	 0.0
12.04	 -4.20	 0.0
13.04	 -6.45	 0.0
14.04	 -4.97	 0.0
15.04	 -5.67	 0.0
16.04	 -6.47	 0.0
17.04	 -5.75	 0.0
18.04	 -5.57	 0.0
19.04	 -4.50	 0.0
20.04	 -3.77	 0.0
21.04	 -4.67	 0.0
22.04	 -3.42	 0.0
23.04	 -3.02	 0.0
24.04	 -4.97	 0.0
25.04	 -4.72	 0.0
26.04	 -3.80	 0.0
27.04	 -2.77	 0.0
28.04	 -0.35	 0.0
29.04	 -0.02	 0.0
30.04	  0.10	 0.0
01.05	 -5.25	 0.0
02.05	 -1.05	 0.0
03.05	  0.05	 0.0
04.05	  0.70	 0.0
05.05	  1.83	 0.0
06.05	  3.35	 0.0
07.05	  3.90	 0.0
08.05	  7.03	 0.0
09.05	  7.12	 0.0
10.05	  1.12	 0.0
11.05	  4.13
12.05	  3.33	 0.0
13.05	  3.65	 0.0
14.05	  7.58	 0.0
15.05	  7.22	 0.0
16.05	  7.97	 0.0
17.05	  9.22	 0.0
18.05	  9.50	 0.0
19.05	 11.28	 0.0
20.05	 10.90	 0.0
21.05	  7.95	 0.0
22.05	  8.55	 0.0
23.05	  9.43	 0.0
24.05	 10.68	 0.0
25.05	 12.03	 0.0
26.05	 13.73	 0.0
27.05	 14.42	 0.0
28.05	 13.48	 0.0
29.05	 12.72	 0.0
30.05	 12.80	 0.0
31.05	 13.40	 0.0
01.06	 10.83	 0.0
02.06	  9.95	 0.0
03.06	  8.47	 0.0
04.06	  8.33	 0.0
05.06	  9.35	 0.0
06.06	 11.75	 0.0
07.06	 12.88	 0.0
08.06	 13.75	 0.0
09.06	  8.67	 0.0
10.06	  7.55	 0.0
11.06	  5.58	 0.0
12.06	  7.70	 0.0
13.06	  7.70	 0.0
14.06	 10.20	 0.0
15.06	 11.28	 0.0
16.06	 12.77	 0.0
17.06	 15.10	 0.0
18.06	 17.90	 0.0
19.06	 19.12	 0.0
20.06	 20.85	 0.0
21.06	 25.00	 0.0
22.06	 21.20	 0.0
23.06	 19.10	 0.0
24.06	 19.25	 0.0
25.06	 19.07	 0.0
26.06	 23.00	 0.0
27.06	 22.15	 0.0
28.06	 21.15	 0.0
29.06	 23.65	 0.0
30.06	 21.03	 0.0
01.07	 18.10	 0.0
02.07	 10.82	 0.0
03.07	  4.75	 0.0
04.07	  5.30	 0.0
05.07	  6.97	 0.0
06.07	 10.03	 0.0
07.07	 11.55	 0.0
08.07	 15.60	 0.0
09.07	 16.82	 0.0
10.07	 15.10	 0.0
11.07	 15.93	 0.0
12.07	 14.45	 0.0
13.07	 17.93	 0.0
14.07	 14.95	 0.0
15.07	 10.35	 0.0
16.07	 13.78	 0.0
17.07	 14.57	 0.0
18.07	 19.68	 0.0
19.07	 19.88	 0.0
20.07	 18.02	 0.0
21.07	 13.88	 0.0
22.07	 16.35	 0.0
23.07	 17.98	 0.0
24.07	 19.47	 0.0
25.07	 20.60	 0.0
26.07	 21.42	 0.0
27.07	 20.80	 0.0
28.07	 21.62	 0.0
29.07	 19.87	 0.0
30.07	 18.52	 0.0
31.07	 18.50	 0.0
01.08	 20.00	 0.0
02.08	 19.40	 0.0
03.08	 20.35	 0.0
04.08	 14.25	 0.0
05.08	 13.00	 0.0
06.08	 12.57	 0.0
07.08	 14.57	 0.0
08.08	 19.67	 0.0
09.08	 17.43	 0.0
10.08	 19.90	 0.0
11.08	 15.55	 0.0
12.08	 15.07	 0.0
13.08	 12.85	 0.0
14.08	 15.97	 0.0
15.08	 17.28	 0.0
16.08	 16.80	 0.0
17.08	 17.12	 0.0
18.08	 15.27	 0.0
19.08	 11.00	 0.0
20.08	 11.95	 0.0
21.08	  9.82	 0.0
22.08	 10.32	 0.0
23.08	 12.23	 0.0
24.08	 13.35	 0.0
25.08	  9.22	 0.0
26.08	  7.78	 0.0
27.08	  7.45	 0.0
28.08	  8.98	 0.0
29.08	  7.70
30.08	 10.20	 0.0
31.08	 10.28	 0.0
01.09	  7.90	 0.0
02.09	  9.35	 0.0
03.09	  9.50	 0.0
04.09	  8.13	 0.0
05.09	  5.95	 0.0
06.09	  7.17	 0.0
07.09	  7.73	 0.0
08.09	  5.38	 0.0
09.09	  2.62	 0.0
10.09	  2.35	 0.0
11.09	  6.93	 0.0
12.09	  8.90	 0.0
13.09	  8.35	 0.0
14.09	  4.17	 0.0
15.09	  5.03	 0.0
16.09	  4.95	 0.0
17.09	  4.92	 0.0
18.09	  1.83	 0.0
19.09	  2.77	 0.0
20.09	  1.85	 0.0
21.09	 -1.02	 0.0
22.09	 -0.78	 0.0
23.09	  0.53	 0.0
24.09	  2.07	 0.0
25.09	 -2.33	 0.0
26.09	 -0.52	 0.0
27.09	  0.50	 0.0
28.09	 -1.58	 0.0
29.09	 -2.38	 0.0
30.09	 -2.60	 0.0
01.10	 -4.85	 0.0
02.10	 -4.30	 0.0
03.10	 -2.33	 0.0
04.10	 -6.53	 0.0
05.10	 -4.42	 0.0
06.10	 -4.05	 0.0
07.10	 -4.40	 0.0
08.10	 -3.33	 0.0
09.10	 -5.05	 0.0
10.10	-11.45	 0.0
11.10	-13.60	 0.0
12.10	-18.83	 0.0
13.10	-13.20	 0.0
14.10	-15.28	 0.0
15.10	 -9.85	 0.0
16.10	 -6.73	 0.0
17.10	 -7.90	 0.0
18.10	 -7.60	 0.0
19.10	 -8.72	 0.0
20.10	 -7.73	 0.0
21.10	 -7.35	 0.0
22.10	 -5.97	 0.0
23.10	 -9.05	 0.0
24.10	 -7.30	 0.0
25.10	-11.38	 0.0
26.10	-13.12	 0.0
27.10	-18.70	 0.0
28.10	-24.12	 0.0
29.10	-29.28	 0.0
30.10	-25.70	 0.0
31.10	-24.00	 0.0
01.11	-25.02	 0.0
02.11	-32.65	 0.0
03.11	-29.50	 0.0
04.11	-29.25	 0.0
05.11	-35.40	 0.0
06.11	-33.95	 0.0
07.11	-35.88	 0.0
08.11	-33.60	 0.0
09.11	-22.80	 0.0
10.11	-20.65	 0.0
11.11	-24.05	 0.0
12.11	-25.22	 0.0
13.11	-40.20	 0.0
14.11	-43.83	 0.0
15.11	-37.40
16.11	-35.70	 0.0
17.11	-41.02	 0.0
18.11	-40.67	 0.0
19.11	-42.55	 0.0
20.11	-32.83	 0.0
21.11	-39.90	 0.0
22.11	-40.38	 0.0
23.11	-37.80	 0.0
24.11	-37.40	 0.0
25.11	-37.83	 0.0
26.11	-42.38	 0.0
27.11	-42.70
28.11	-39.50	 0.0
29.11	-34.85	 0.0
30.11	-37.27	 0.0
01.12	-36.78	 0.0
02.12	-26.90	 0.0
03.12	-22.55	 0.0
04.12	-33.97	 0.0
05.12	-28.75	 0.0
06.12	-10.10	 0.0
07.12	-30.12	 0.0
08.12	-41.62	 0.0
09.12	-43.20	 0.0
10.12	-44.50	 0.0
11.12	-45.65	 0.0
12.12	-46.20	 0.0
13.12	-48.65	 0.0
14.12	-50.77	 0.0
15.12	-46.40	 0.0
16.12	-50.30	 0.0
17.12	-47.65	 0.0
18.12	-38.30	 0.0
19.12	-36.12	 0.0
20.12	-36.25	 0.0
21.12	-34.50	 0.0
22.12	-36.67	 0.0
23.12	-33.70	 0.0
24.12	-37.20	 0.0
25.12	-46.85	 0.0
26.12	-51.65	 0.0
27.12	-51.48	 0.0
28.12	-50.57
29.12	-49.07	 0.0
30.12	-51.10	 0.0
31.12	-51.65	 0.0
