01.01	-49.45	23.0
02.01	-47.99	23.0
03.01	-46.97	23.0
04.01	-48.92	23.0
05.01	-47.77	23.0
06.01	-50.17	23.0
07.01	-45.32	24.0
08.01	-44.39	23.0
09.01	-47.28	24.0
10.01	-51.81	24.0
11.01	-52.08	24.0
12.01	-51.60	24.0
13.01	-48.75	24.0
14.01	-37.93	24.0
15.01	-30.01	24.0
16.01	-37.23	24.0
17.01	-28.03	24.0
18.01	-24.68	24.0
19.01	-31.94	25.0
20.01	-29.44	25.0
21.01	-25.50	25.0
22.01	-31.84	26.0
23.01	-38.96	 0.0
24.01	-39.18	26.0
25.01	-30.13	26.0
26.01	-36.41	26.0
27.01	-41.42	26.0
28.01	-42.40	26.0
29.01	-45.90	26.0
30.01	-46.94	26.0
31.01	-43.04	26.0
01.02	-38.82	 0.0
02.02	-44.43	26.0
03.02	-47.06	26.0
04.02	-49.61	26.0
05.02	-52.79	26.0
06.02	-52.84	26.0
07.02	-49.86	26.0
08.02	-50.74	26.0
09.02	-52.43	26.0
10.02	-52.01	26.0
11.02	-48.06	26.0
12.02	-45.61	26.0
13.02	-36.51	26.0
14.02	-33.55	26.0
15.02	-42.73	26.0
16.02	-43.86	26.0
17.02	-41.67	26.0
18.02	-41.79	26.0
19.02	-42.24	26.0
20.02	-41.88	26.0
21.02	-43.29	26.0
22.02	-43.81	26.0
23.02	-40.81	26.0
24.02	-42.50	26.0
25.02	-41.76	26.0
26.02	-37.56	26.0
27.02	-34.76	26.0
28.02	-35.31	26.0
29.02	-30.77	26.0
01.03	-26.98	26.0
02.03	-32.81	26.0
03.03	-33.55	26.0
04.03	-35.94	 0.0
05.03	-36.46	26.0
06.03	-35.80	26.0
07.03	-34.30	26.0
08.03	-35.33	26.0
09.03	-38.06	26.0
10.03	-25.95	26.0
11.03	-34.37	26.0
12.03	-31.83	26.0
13.03	-35.70	26.0
14.03	-36.02	26.0
15.03	-35.54	26.0
16.03	-31.52	 0.0
17.03	-33.75	26.0
18.03	-30.10	26.0
19.03	-32.71	26.0
20.03	-32.60	26.0
21.03	-20.03	26.0
22.03	-22.82	28.0
23.03	-25.06	28.0
24.03	-19.30	28.0
25.03	-17.74	28.0
26.03	-23.66	27.0
27.03	-22.99	27.0
28.03	-25.84	27.0
29.03	-25.71	 0.0
30.03	-23.39	27.0
31.03	-25.14	26.0
01.04	-22.35	26.0
02.04	-20.45	26.0
03.04	-20.35	26.0
04.04	-21.86	26.0
05.04	-22.14	26.0
06.04	-20.25	26.0
07.04	-18.49	26.0
08.04	-17.41	26.0
09.04	-13.99	26.0
10.04	-13.40	26.0
11.04	-16.56	26.0
12.04	-14.82	26.0
13.04	-11.44	27.0
14.04	-10.25	27.0
15.04	 -4.21	27.0
16.04	 -6.29	26.0
17.04	 -5.97	26.0
18.04	 -6.56	26.0
19.04	 -2.41	25.0
20.04	 -2.99	25.0
21.04	  0.06	24.0
22.04	 -1.84	24.0
23.04	  0.58	25.0
24.04	 -1.81	23.0
25.04	 -2.24	23.0
26.04	  0.27	 0.0
27.04	  1.64	22.0
28.04	  3.04	19.0
29.04	  1.56	11.0
30.04	  1.45	11.0
01.05	  0.15	 6.0
02.05	  0.16	 0.0
03.05	  0.46	 0.0
04.05	  3.06	 0.0
05.05	  2.83	 0.0
06.05	  4.59	 0.0
07.05	  6.35	 0.0
08.05	  7.91	 0.0
09.05	  9.90
10.05	 11.16	 0.0
11.05	  9.21	 0.0
12.05	  4.77	 0.0
13.05	  2.59	 0.0
14.05	  1.61	 0.0
15.05	  7.39	 0.0
16.05	 10.46	 0.0
17.05	  3.10
18.05	  4.39	 0.0
19.05	  4.35	 0.0
20.05	  8.67	 0.0
21.05	  3.29	 0.0
22.05	  2.31	 0.0
23.05	  3.91	 0.0
24.05	  7.14	 0.0
25.05	 15.37
26.05	 12.66	 0.0
27.05	 13.92	 0.0
28.05	 13.83	 0.0
29.05	 11.15	 0.0
30.05	 10.85	 0.0
31.05	 12.73	 0.0
01.06	 14.85	 0.0
02.06	 16.62	 0.0
03.06	 10.43	 0.0
04.06	  2.08	 0.0
05.06	  2.31	 0.0
06.06	  6.06	 0.0
07.06	 12.95	 0.0
08.06	 14.20	 0.0
09.06	 17.06	 0.0
10.06	 10.90
11.06	 15.93	 0.0
12.06	 16.61	 0.0
13.06	 18.14	 0.0
14.06	 16.53	 0.0
15.06	 14.81	 0.0
16.06	 16.01	 0.0
17.06	 16.40	 0.0
18.06	 17.78	 0.0
19.06	 14.93	 0.0
20.06	 17.19	 0.0
21.06	 14.00	 0.0
22.06	  9.35	 0.0
23.06	  7.30	 0.0
24.06	  9.31	 0.0
25.06	 12.14	 0.0
26.06	 15.65	 0.0
27.06	 21.55
28.06	 18.14	 0.0
29.06	 17.65	 0.0
30.06	 16.06	 0.0
01.07	 15.90	 0.0
02.07	 14.17	 0.0
03.07	 15.61	 0.0
04.07	 14.36	 0.0
05.07	 15.04	 0.0
06.07	  9.05	 0.0
07.07	 10.74	 0.0
08.07	 13.64	 0.0
09.07	 14.65	 0.0
10.07	 18.46	 0.0
11.07	 17.81	 0.0
12.07	 17.20
13.07	 18.53
14.07	 18.30	 0.0
15.07	 18.79	 0.0
16.07	 18.00
17.07	 13.27	 0.0
18.07	 11.55	 0.0
19.07	 14.93	 0.0
20.07	 16.83	 0.0
21.07	 16.34	 0.0
22.07	 15.50	 0.0
23.07	  9.36	 0.0
24.07	 12.25	 0.0
25.07	 17.23	 0.0
26.07	 14.68	 0.0
27.07	 12.23	 0.0
28.07	  8.26	 0.0
29.07	  9.85	 0.0
30.07	 14.30	 0.0
31.07	 15.29	 0.0
01.08	 18.36	 0.0
02.08	 11.57	 0.0
03.08	 16.21
04.08	 14.33	 0.0
05.08	 11.51	 0.0
06.08	  9.05	 0.0
07.08	  8.52	 0.0
08.08	  7.96	 0.0
09.08	 10.15	 0.0
10.08	 11.24	 0.0
11.08	  9.67
12.08	 12.16	 0.0
13.08	 14.65	 0.0
14.08	  9.84	 0.0
15.08	 12.05	 0.0
16.08	  8.55	 0.0
17.08	 12.79	 0.0
18.08	 12.49	 0.0
19.08	 12.64	 0.0
20.08	  9.63	 0.0
21.08	  7.42	 0.0
22.08	 10.06	 0.0
23.08	  6.97
24.08	  7.76	 0.0
25.08	  6.29	 0.0
26.08	  3.53	 0.0
27.08	  8.34	 0.0
28.08	  9.40	 0.0
29.08	  6.08	 0.0
30.08	  5.16	 0.0
31.08	  5.03	 0.0
01.09	  6.19	 0.0
02.09	  4.25	 0.0
03.09	  2.11	 0.0
04.09	  1.77	 1.0
05.09	  7.93	 0.0
06.09	  7.86	 0.0
07.09	  7.65	 0.0
08.09	  5.34	 0.0
09.09	  4.04	 0.0
10.09	  3.72	 0.0
11.09	  3.84	 0.0
12.09	  2.89	 0.0
13.09	  1.18	 0.0
14.09	  5.59	 0.0
15.09	  0.78	 5.0
16.09	  0.21	 8.0
17.09	  0.44	 0.0
18.09	 -1.99	 0.0
19.09	 -1.96	 0.0
20.09	  0.06	 1.0
21.09	 -0.13	 3.0
22.09	 -0.91	 0.0
23.09	  2.76	 0.0
24.09	  3.56	 0.0
25.09	  1.22	 0.0
26.09	  1.76	 0.0
27.09	 -0.65	 0.0
28.09	  2.33	 0.0
29.09	  1.75	 0.0
30.09	  0.24	 0.0
01.10	 -0.90	 0.0
02.10	 -2.48	 1.0
03.10	 -4.56	 1.0
04.10	 -7.89	 1.0
05.10	-11.29	 1.0
06.10	 -4.91	 5.0
07.10	 -6.72	 9.0
08.10	 -6.03	13.0
09.10	 -6.95	14.0
10.10	 -7.58	14.0
11.10	 -3.65	14.0
12.10	 -9.66	14.0
13.10	-10.84	14.0
14.10	 -9.37	11.0
15.10	 -4.47	11.0
16.10	 -5.66	12.0
17.10	 -7.61	12.0
18.10	-13.81	 0.0
19.10	 -9.51	12.0
20.10	 -6.99
21.10	-12.90	13.0
22.10	-17.32	13.0
23.10	-19.54	13.0
24.10	-17.83	13.0
25.10	-21.53	13.0
26.10	-21.96	13.0
27.10	-22.00	14.0
28.10	-23.67	14.0
29.10	-13.37	14.0
30.10	 -7.40	13.0
31.10	-16.04	13.0
01.11	-15.71	13.0
02.11	-14.59	13.0
03.11	-19.12	13.0
04.11	-16.84	11.0
05.11	-17.56	13.0
06.11	-25.20	13.0
07.11	-28.93	13.0
08.11	-29.71	13.0
09.11	-25.07	13.0
10.11	-30.81	13.0
11.11	-31.12	13.0
12.11	-33.73	13.0
13.11	-35.46	13.0
14.11	-33.02	13.0
15.11	-34.36	13.0
16.11	-31.55	13.0
17.11	-32.35	13.0
18.11	-34.01	13.0
19.11	-38.19	13.0
20.11	-29.79	14.0
21.11	-24.25	24.0
22.11	-28.90	20.0
23.11	-24.69	22.0
24.11	-30.16
25.11	-27.93	24.0
26.11	-24.88	25.0
27.11	-31.89	25.0
28.11	-32.85	25.0
29.11	-34.39	25.0
30.11	-40.20	25.0
01.12	-38.95	26.0
02.12	-42.65	26.0
03.12	-42.49	26.0
04.12	-38.32	26.0
05.12	-43.21	26.0
06.12	-41.07	26.0
07.12	-34.31	26.0
08.12	-39.67	26.0
09.12	-42.56	26.0
10.12	-44.50	26.0
11.12	-45.69	26.0
12.12	-48.26	26.0
13.12	-47.66	26.0
14.12	-49.40	26.0
15.12	-43.27	26.0
16.12	-38.80
17.12	-48.83	27.0
18.12	-50.21	27.0
19.12	-47.95	27.0
20.12	-46.63	27.0
21.12	-39.62	27.0
22.12	-37.24	29.0
23.12	-42.20	29.0
24.12	-51.11	29.0
25.12	-38.80	30.0
26.12	-35.15	32.0
27.12	-38.34	32.0
28.12	-45.41	32.0
29.12	-38.26	32.0
30.12	-29.45	32.0
31.12	-39.00	32.0
