25.01	-33.80
26.01	-41.37	26.0
27.01	-48.43	26.0
28.01	-49.91	26.0
29.01	-50.77	26.0
30.01	-48.72	26.0
31.01	-42.21	26.0
01.02	-44.25	 0.0
02.02	-35.74	27.0
03.02	-39.96	27.0
04.02	-46.01	27.0
05.02	-46.11	27.0
06.02	-44.97	27.0
07.02	-49.85	27.0
08.02	-49.54
09.02	-50.92	27.0
10.02	-49.62	27.0
11.02	-51.00	27.0
12.02	-46.56	27.0
13.02	-50.20
14.02	-50.69	27.0
15.02	-50.86	27.0
16.02	-47.89	27.0
17.02	-48.14	27.0
18.02	-48.42	21.0
19.02	-47.91	27.0
20.02	-49.15	27.0
21.02	-49.87	27.0
22.02	-48.64	27.0
23.02	-47.11	27.0
24.02	-42.56	27.0
25.02	-36.91	28.0
26.02	-31.37
27.02	-38.60	28.0
28.02	-37.90	28.0
01.03	-27.84	29.0
02.03	-29.06	31.0
03.03	-32.20	31.0
04.03	-34.79	30.0
05.03	-27.44	31.0
06.03	-21.27	34.0
07.03	-25.40	34.0
08.03	-29.12	34.0
09.03	-30.62	33.0
10.03	-29.70
11.03	-27.52	32.0
12.03	-29.24	32.0
13.03	-26.60	32.0
14.03	-21.92	31.0
15.03	-27.30	31.0
16.03	-30.31	31.0
17.03	-31.19	31.0
18.03	-29.57	31.0
19.03	-27.34	31.0
20.03	-15.39	31.0
21.03	-19.20	31.0
22.03	-22.35	31.0
23.03	-24.71	31.0
24.03	-20.10	31.0
25.03	-21.69	36.0
26.03	-19.36	30.0
27.03	 -8.19	30.0
28.03	-11.43	30.0
29.03	-14.44	29.0
30.03	-14.86	29.0
31.03	-11.35	29.0
01.04	-16.55	29.0
02.04	-20.71	28.0
03.04	-19.86	28.0
04.04	-20.88	28.0
05.04	-30.10
06.04	-16.10
07.04	-20.56	28.0
08.04	-20.03	28.0
09.04	-18.98	 0.0
10.04	-20.10	28.0
11.04	-18.74	28.0
12.04	-15.29	28.0
13.04	 -9.96	28.0
14.04	-11.64	28.0
15.04	-11.06
16.04	 -5.89	30.0
17.04	 -3.27	29.0
18.04	 -6.19	28.0
19.04	 -4.66	28.0
20.04	 -3.20	27.0
21.04	 -0.12	26.0
22.04	 -1.35	26.0
23.04	 -4.74	25.0
24.04	 -4.76	24.0
25.04	 -6.60	24.0
26.04	 -3.82	24.0
27.04	 -1.14	24.0
28.04	  0.89	23.0
29.04	 -0.62	22.0
30.04	 -0.21	21.0
01.05	 -2.89	22.0
02.05	 -4.04	31.0
03.05	 -6.19	32.0
04.05	 -4.99	30.0
05.05	 -6.05	29.0
06.05	 -2.99	29.0
07.05	 -1.52	27.0
08.05	  1.55	24.0
09.05	  3.60	21.0
10.05	  3.97	17.0
11.05	  3.60	11.0
12.05	  0.74	 3.0
13.05	  5.19	 0.0
14.05	  2.10	 0.0
15.05	  2.38	 0.0
16.05	  1.76	 0.0
17.05	 -1.63	 0.0
18.05	  1.76	 0.0
19.05	  9.60	 0.0
20.05	  7.97	 0.0
21.05	 10.28	 0.0
22.05	 11.42	 0.0
23.05	  7.67	 0.0
24.05	  2.11	 5.0
25.05	  2.31	 0.0
26.05	  1.64	 1.0
27.05	  4.28	 0.0
28.05	  1.69	 1.0
29.05	  3.73	 0.0
30.05	  6.62	 0.0
31.05	  7.96	 0.0
01.06	  9.81	 0.0
02.06	  9.78	 0.0
03.06	  9.64	 0.0
04.06	  8.40	 0.0
05.06	 10.20	 0.0
06.06	  8.04	 0.0
07.06	  9.99	 0.0
08.06	  9.14	 0.0
09.06	  9.19	 0.0
10.06	  9.66	 0.0
11.06	  9.60	 0.0
12.06	 10.19	 0.0
13.06	 11.25	 0.0
14.06	 11.87	 0.0
15.06	 11.32	 0.0
16.06	  7.71	 0.0
17.06	 10.36	 0.0
18.06	 11.59	 0.0
19.06	 15.10
20.06	 15.78	 0.0
21.06	 14.12	 0.0
22.06	 14.85	 0.0
23.06	 15.11	 0.0
24.06	 16.45	 0.0
25.06	 15.74	 0.0
26.06	 13.07	 0.0
27.06	 10.97	 0.0
28.06	 11.60	 0.0
29.06	 10.86	 0.0
30.06	 11.96	 0.0
01.07	 11.05	 0.0
02.07	 13.31	 0.0
03.07	 14.74	 0.0
04.07	 13.78	 0.0
05.07	 16.93
06.07	 15.53	 0.0
07.07	 13.91	 0.0
08.07	 15.46	 0.0
09.07	 16.46	 0.0
10.07	 15.75	 0.0
11.07	 15.36	 0.0
12.07	 18.21	 0.0
13.07	 21.50	 0.0
14.07	 19.88	 0.0
15.07	 19.64	 0.0
16.07	 20.94	 0.0
17.07	 20.92	 0.0
18.07	 21.08	 0.0
19.07	 22.84	 0.0
20.07	 20.68	 0.0
21.07	 17.85	 0.0
22.07	 18.39	 0.0
23.07	 17.61	 0.0
24.07	 17.11	 0.0
25.07	 17.79	 0.0
26.07	 17.35	 0.0
27.07	 16.71	 0.0
28.07	 20.90	 0.0
29.07	 20.52	 0.0
30.07	 19.19	 0.0
31.07	 18.38	 0.0
01.08	 26.16	 0.0
02.08	 23.56	 0.0
03.08	 19.55	 0.0
04.08	 19.80	 0.0
05.08	 17.88	 0.0
06.08	 18.31	 0.0
07.08	 17.66	 0.0
08.08	 18.26	 0.0
09.08	 15.79	 0.0
10.08	  8.70	 0.0
11.08	  6.65	 0.0
12.08	  6.31
13.08	  6.24	 0.0
14.08	  5.96	 0.0
15.08	  8.16	 0.0
16.08	  9.40	 0.0
17.08	 10.14	 0.0
18.08	  9.25	 0.0
19.08	 12.17	 0.0
20.08	 12.14	 0.0
21.08	 13.54	 0.0
22.08	 12.66	 0.0
23.08	 13.07	 0.0
24.08	 11.74	 0.0
25.08	  6.01	 0.0
26.08	  7.27	 0.0
27.08	  6.29	 0.0
28.08	  5.82	 0.0
29.08	 10.84	 0.0
30.08	 10.04	 0.0
31.08	  7.64	 0.0
01.09	  2.75	 0.0
02.09	  3.86	 0.0
03.09	  4.88	 0.0
04.09	  3.76	 0.0
05.09	  2.97	 0.0
06.09	  6.42	 0.0
07.09	  3.80	 0.0
08.09	  6.90	 0.0
09.09	  7.01
10.09	  4.06	 0.0
11.09	  1.27	 1.0
12.09	 -0.01	 1.0
13.09	  0.26	 1.0
14.09	 -0.35	 0.0
15.09	 -1.15	 0.0
16.09	  0.57	 0.0
17.09	  0.33	 0.0
18.09	 -0.30	 0.0
19.09	 -0.64	 1.0
20.09	 -0.27	 0.0
21.09	 -1.23	 0.0
22.09	 -1.77	 0.0
23.09	 -3.04	 0.0
24.09	 -2.29	 0.0
25.09	 -3.25	 0.0
26.09	 -4.61	 2.0
27.09	 -4.41	 2.0
28.09	 -5.61	 1.0
29.09	 -6.51	 0.0
30.09	 -9.15	 0.0
01.10	-11.00	 0.0
02.10	-10.00	 0.0
03.10	 -2.19	 0.0
04.10	 -0.71	 0.0
05.10	 -0.31	 2.0
06.10	 -5.10	 0.0
07.10	-13.01	 0.0
08.10	-11.84	 0.0
09.10	 -7.07	 2.0
10.10	 -5.18	 5.0
11.10	 -6.75	 5.0
12.10	-12.80	 5.0
13.10	-11.17	 5.0
14.10	 -8.71	 5.0
15.10	-10.35	 5.0
16.10	 -8.07	 5.0
17.10	 -7.60	 6.0
18.10	-12.10	16.0
19.10	-19.73	15.0
20.10	-18.98	15.0
21.10	-21.21	15.0
22.10	-12.07
23.10	-19.71	15.0
24.10	-20.93	15.0
25.10	-18.01	15.0
26.10	-15.28	15.0
27.10	-19.82
28.10	-20.75	15.0
29.10	-28.96	15.0
30.10	-33.11	14.0
31.10	-34.21	14.0
01.11	-35.41	14.0
