19.01	-50.83	19.0
20.01	-48.15	19.0
21.01	-51.14	19.0
22.01	-46.00
25.01	-46.15	20.0
26.01	-52.75	20.0
27.01	-47.01	20.0
28.01	-40.27	 0.0
29.01	-39.34	 0.0
01.02	-23.10
02.02	-34.24	 0.0
03.02	-30.03
04.02	-37.31	21.0
05.02	-39.49	21.0
06.02	-40.02	21.0
07.02	-32.39	21.0
08.02	-38.52	21.0
09.02	-36.46	21.0
10.02	-42.43	21.0
11.02	-47.04	21.0
12.02	-48.44	21.0
13.02	-49.55	21.0
14.02	-48.63	 0.0
15.02	-47.40	21.0
16.02	-41.14	21.0
17.02	-45.85	22.0
18.02	-45.89	22.0
19.02	-45.11	22.0
20.02	-45.66	 0.0
21.02	-41.69	22.0
22.02	-36.75	22.0
23.02	-37.24	23.0
24.02	-39.34	23.0
25.02	-41.65	23.0
26.02	-35.53	23.0
27.02	-28.02	25.0
28.02	-25.81	25.0
01.03	-24.42	 0.0
02.03	-32.91	25.0
03.03	-37.60	25.0
04.03	-39.33	25.0
05.03	-33.82	25.0
06.03	-36.46	25.0
07.03	-38.10	25.0
08.03	-38.45	25.0
09.03	-37.84	25.0
10.03	-34.46	25.0
11.03	-37.91	25.0
12.03	-36.91	25.0
13.03	-36.20	25.0
14.03	-34.16	25.0
15.03	-28.38	25.0
16.03	-21.99	25.0
17.03	-33.85	 0.0
18.03	-30.58	26.0
19.03	-27.99	26.0
20.03	-28.81	26.0
21.03	-29.21	26.0
22.03	-28.99	26.0
23.03	-23.54	26.0
24.03	-19.64	26.0
25.03	-21.18	26.0
26.03	-19.14	26.0
27.03	-20.02	25.0
28.03	-21.55	25.0
29.03	-21.51	24.0
30.03	-20.11	24.0
31.03	-18.16	24.0
01.04	-18.50	24.0
02.04	-20.99	24.0
03.04	-25.83	24.0
04.04	-25.21	24.0
05.04	-27.80	24.0
06.04	-23.84	24.0
07.04	-19.85	24.0
08.04	-20.37	24.0
09.04	-20.30
10.04	-23.94	 0.0
11.04	-15.11	24.0
12.04	-18.32	24.0
13.04	-16.28	24.0
14.04	-18.19	24.0
15.04	-15.45	24.0
16.04	-12.34	24.0
17.04	-11.11	24.0
18.04	 -9.11	23.0
19.04	-11.80	43.0
20.04	 -7.26	23.0
21.04	 -6.05	22.0
22.04	 -9.52	22.0
23.04	-10.06	22.0
24.04	 -6.64	21.0
25.04	 -3.23	21.0
26.04	 -2.84	20.0
27.04	 -1.68	 0.0
28.04	 -7.33	19.0
29.04	 -3.60	19.0
30.04	  0.98
01.05	  0.95	19.0
02.05	 -1.38	25.0
03.05	 -0.02	19.0
04.05	  0.64	19.0
05.05	  1.62	13.0
06.05	  2.01	11.0
07.05	  3.41	 4.0
08.05	  1.24	 0.0
09.05	  3.29	 0.0
10.05	  6.70	 0.0
11.05	  7.31	 0.0
12.05	  6.79	 0.0
13.05	  4.31	 0.0
14.05	  4.90	 0.0
15.05	  5.20	 0.0
16.05	  5.06	 0.0
17.05	  6.54	 0.0
18.05	  8.81	 0.0
19.05	  7.37	 0.0
20.05	  6.67	 0.0
21.05	 10.80	 0.0
22.05	  9.29	 0.0
23.05	 10.95	 0.0
24.05	 12.01	 0.0
25.05	 15.93	 0.0
26.05	 12.01	 0.0
27.05	  9.00	 0.0
28.05	  8.96	 0.0
29.05	 13.27	 0.0
30.05	 11.75	 0.0
31.05	  7.05	 0.0
01.06	 13.30
02.06	 10.21	 0.0
03.06	 11.24	 0.0
04.06	  8.84	 0.0
05.06	  7.84	 0.0
06.06	  7.64	 0.0
07.06	 10.50	 0.0
08.06	  9.59	 0.0
09.06	  9.55	 0.0
10.06	 10.98
11.06	 13.70	 0.0
12.06	 12.62	 0.0
13.06	 13.77	 0.0
14.06	 10.20	 0.0
15.06	 14.44	 0.0
16.06	 16.17	 0.0
17.06	 15.55	 0.0
18.06	 17.81	 0.0
19.06	 14.70	 0.0
21.06	 18.00
22.06	 13.32	 0.0
23.06	 11.56	 0.0
24.06	 11.58	 0.0
25.06	  8.35	 0.0
26.06	 11.65	 0.0
27.06	 12.41	 0.0
28.06	 12.96	 0.0
29.06	 13.47	 0.0
30.06	 11.00	 0.0
01.07	 13.87	 0.0
02.07	 15.59	 0.0
03.07	 17.30	 0.0
04.07	 19.89	 0.0
05.07	 21.56	 0.0
06.07	 16.57	 0.0
07.07	 15.19	 0.0
08.07	 14.47	 0.0
09.07	 19.24	 0.0
10.07	 15.46	 0.0
11.07	 14.29	 0.0
12.07	 14.20	 0.0
13.07	 14.38	 0.0
14.07	 14.50	 0.0
15.07	 16.45	 0.0
16.07	 18.10	 0.0
17.07	 20.51	 0.0
18.07	 19.05	 0.0
19.07	 17.80	 0.0
20.07	 18.60	 0.0
21.07	 20.15	 0.0
22.07	 19.82	 0.0
23.07	 16.52	 0.0
26.07	 26.65
27.07	 23.41	 0.0
28.07	 23.67	 0.0
29.07	 22.51	 0.0
30.07	 19.59	 0.0
31.07	 17.01	 0.0
01.08	 14.74	 0.0
02.08	 14.38	 0.0
03.08	  9.73	 0.0
04.08	  8.15	 0.0
05.08	  9.47
06.08	  9.88	 0.0
07.08	  9.07	 0.0
08.08	  9.17	 0.0
09.08	 11.80	 0.0
10.08	 14.65	 0.0
11.08	 13.09	 0.0
12.08	 16.07	 0.0
13.08	 14.75	 0.0
14.08	 12.20	 0.0
15.08	 12.72	 0.0
16.08	 11.03	 0.0
17.08	 10.91	 0.0
18.08	 12.19	 0.0
19.08	  7.20	 0.0
20.08	 10.95	 0.0
21.08	  8.15	 0.0
22.08	  5.56	 0.0
23.08	  4.54	 0.0
24.08	  6.34	 0.0
25.08	 10.04	 0.0
26.08	 14.96	 0.0
27.08	 12.43	 0.0
28.08	  6.94	 0.0
29.08	 10.66
30.08	 11.13	 0.0
31.08	 10.20	 0.0
01.09	  8.94	 0.0
02.09	  9.44	 0.0
03.09	  8.88	 0.0
04.09	  6.31
05.09	  5.05	 0.0
06.09	  2.25	 0.0
07.09	  3.83	 0.0
08.09	  2.31	 0.0
09.09	  0.75	 0.0
10.09	  3.55	 0.0
11.09	  3.62	 0.0
12.09	  3.16	 0.0
13.09	  4.56	 0.0
14.09	  4.36	 0.0
15.09	  2.27	 0.0
16.09	 -0.41	 0.0
17.09	  0.25	 4.0
18.09	 -1.62	 0.0
19.09	 -2.99	 0.0
20.09	 -4.39	 0.0
21.09	 -3.97	 0.0
22.09	 -1.68	 0.0
23.09	 -1.00	 0.0
24.09	 -0.00	 0.0
25.09	 -0.57	 0.0
26.09	  0.24	 0.0
27.09	 -2.96	 0.0
28.09	 -2.40	 0.0
29.09	  0.16	 0.0
30.09	  0.64	 0.0
01.10	 -2.48	 0.0
02.10	 -3.45	 1.0
03.10	 -8.01	 0.0
04.10	 -9.22	 0.0
05.10	 -2.35	 0.0
06.10	 -1.90	 0.0
07.10	 -2.85	 0.0
08.10	 -7.65	 0.0
09.10	-10.56	 0.0
10.10	-12.63	 0.0
11.10	 -7.31	 1.0
12.10	 -9.37	 4.0
13.10	-12.69	60.0
14.10	 -8.27
15.10	-11.35	 6.0
16.10	-18.39	 4.0
17.10	-20.49	 6.0
18.10	-18.45	 5.0
19.10	-20.48	 5.0
20.10	-25.56	 5.0
21.10	-29.00	 5.0
22.10	-29.07	 5.0
23.10	-23.71	 6.0
24.10	-27.88	 6.0
25.10	-29.49	 6.0
26.10	-30.84	 6.0
27.10	-26.28	 6.0
28.10	-30.82	 6.0
29.10	-29.09	 6.0
30.10	-26.11	 6.0
31.10	-30.70	 6.0
01.11	-33.49	 6.0
02.11	-32.86	 0.0
03.11	-32.94	 7.0
04.11	-32.19	 7.0
05.11	-32.67	 7.0
06.11	-35.16	 0.0
07.11	-35.71	 7.0
08.11	-37.17	 7.0
09.11	-36.39	 7.0
10.11	-36.68	 7.0
11.11	-36.81	 7.0
12.11	-37.05	 7.0
13.11	-33.75	 7.0
14.11	-28.96	 7.0
15.11	-35.46	 7.0
16.11	-31.29	 7.0
17.11	-34.06	 7.0
18.11	-24.39	 7.0
19.11	-20.54	 7.0
20.11	-29.78	 7.0
21.11	-31.18
22.11	-31.88	 7.0
23.11	-23.86	 8.0
