02.01	-44.30	37.0
05.01	-41.10
06.01	-37.50	28.0
07.01	-40.12	29.0
08.01	-32.92	29.0
09.01	-31.41	29.0
10.01	-34.94	28.0
11.01	-30.43	28.0
12.01	-33.32	29.0
13.01	-42.00	29.0
14.01	-33.75	28.0
15.01	-32.72	29.0
16.01	-36.94	27.0
17.01	-40.93	29.0
18.01	-42.56	29.0
19.01	-32.96	29.0
20.01	-29.71	29.0
21.01	-37.35	29.0
22.01	-41.80
23.01	-43.68	29.0
24.01	-35.52	29.0
25.01	-38.81	30.0
26.01	-42.06	30.0
27.01	-36.74	29.0
28.01	-46.29	30.0
29.01	-40.09	30.0
30.01	-40.70	30.0
31.01	-46.76	30.0
01.02	-44.11	30.0
02.02	-46.88	30.0
03.02	-48.62	30.0
04.02	-45.00	30.0
05.02	-47.04	30.0
06.02	-44.09	30.0
07.02	-42.79	30.0
08.02	-40.79	31.0
09.02	-38.80	31.0
10.02	-32.66	31.0
11.02	-36.80	31.0
12.02	-32.19	31.0
13.02	-30.54	31.0
14.02	-37.86	31.0
15.02	-39.18	31.0
16.02	-38.56	31.0
17.02	-39.01	31.0
18.02	-39.51	31.0
19.02	-39.44	32.0
20.02	-40.66	31.0
21.02	-38.50	32.0
22.02	-40.66	32.0
23.02	-38.06
24.02	-37.38	32.0
25.02	-37.49	33.0
26.02	-39.07	23.0
27.02	-40.18	34.0
28.02	-38.80	34.0
01.03	-34.88	34.0
02.03	-40.61	34.0
03.03	-39.54
04.03	-41.73	35.0
05.03	-42.69	35.0
06.03	-43.62	35.0
07.03	-41.51	64.0
08.03	-39.19	35.0
09.03	-37.73	35.0
10.03	-34.91	35.0
11.03	-32.75	35.0
12.03	-30.95	35.0
13.03	-29.31	35.0
14.03	-29.24	35.0
15.03	-25.44	35.0
16.03	-23.76	34.0
17.03	-25.59	34.0
18.03	-22.87
19.03	-27.26	33.0
20.03	-22.56	33.0
21.03	-21.75	34.0
22.03	-22.29	32.0
23.03	-20.12	32.0
24.03	-17.55	31.0
25.03	-14.47	40.0
26.03	-10.16	30.0
27.03	-13.54	30.0
28.03	-17.86	31.0
29.03	-23.55	31.0
30.03	-25.10	31.0
31.03	-26.15	30.0
01.04	-20.27	30.0
02.04	-21.04	30.0
03.04	-20.00	29.0
04.04	-15.69	30.0
05.04	-16.05	32.0
06.04	-19.34	33.0
07.04	-18.20
08.04	-21.10
09.04	-19.95
10.04	-16.35
11.04	-16.25
12.04	-19.41	30.0
13.04	-17.00	30.0
14.04	-18.39	29.0
15.04	-17.50	29.0
16.04	-16.64	28.0
17.04	 -6.79	29.0
18.04	 -4.03	29.0
19.04	 -7.15	29.0
20.04	-11.99	28.0
21.04	-13.51	28.0
22.04	-12.15	27.0
23.04	-10.40	26.0
24.04	 -7.40	26.0
25.04	 -8.54	25.0
26.04	 -8.62	25.0
27.04	 -8.12	25.0
28.04	 -6.38	24.0
29.04	 -4.08	24.0
30.04	 -1.02	23.0
01.05	  0.01	23.0
02.05	  0.54	25.0
03.05	 -0.44	25.0
04.05	  0.86	24.0
05.05	 -1.32	23.0
06.05	 -1.99	23.0
07.05	  1.21	22.0
08.05	  3.02	20.0
09.05	 -1.54	20.0
10.05	-11.93	19.0
30.05	 11.04
31.05	  8.94
01.06	  6.49
02.06	  6.79
03.06	  8.83
04.06	 10.54
05.06	 10.68
06.06	 14.13
07.06	  8.14
08.06	 10.47
09.06	 13.04
10.06	 11.28
11.06	 10.50
12.06	 12.24
13.06	  8.76
14.06	  8.74
15.06	 12.67
16.06	 11.56
17.06	 11.37
18.06	  9.76
19.06	 11.74
20.06	  7.43
21.06	 12.68
22.06	 12.65
23.06	 10.71
24.06	 11.93
25.06	 17.09
26.06	 14.69
27.06	 13.39
28.06	 17.75
29.06	 19.82
30.06	 18.66
01.07	 20.36
02.07	 19.93
03.07	 15.95
04.07	 13.46
05.07	 11.74
06.07	 14.24
07.07	 15.09
08.07	 18.94
09.07	 21.01
10.07	 19.06
11.07	 16.55
12.07	 15.79
13.07	 15.61
14.07	 19.71
15.07	 19.77
16.07	 14.53
17.07	 17.61
18.07	 17.04
19.07	 16.61
20.07	 16.98
21.07	 15.12
22.07	 12.78
23.07	 10.99
24.07	 13.29
25.07	 14.14
26.07	 13.49
27.07	 13.38
28.07	 12.54
29.07	 12.76
30.07	 14.24
31.07	 11.81
01.08	 12.11
02.08	 11.35
03.08	 12.89
04.08	 14.66
05.08	 13.44
06.08	 14.61
07.08	 13.59
08.08	 14.90
09.08	 14.49
10.08	 12.90
11.08	 14.40
12.08	 15.20
13.08	 11.75
14.08	  9.80
15.08	 11.30
16.08	 10.77
17.08	 13.31
18.08	 12.81
19.08	 11.78
20.08	 10.90
21.08	  6.46
22.08	  7.56
23.08	  7.86
24.08	 15.57
25.08	 16.50
26.08	 12.51
27.08	  8.41
28.08	 11.82
29.08	 10.44
30.08	 10.34
31.08	  9.99
01.09	  7.10
02.09	  4.01
03.09	  5.72
04.09	  4.26
05.09	  5.00
06.09	  1.71
07.09	  3.44
08.09	  6.38
09.09	  6.95
10.09	  6.61
11.09	  5.26
12.09	  5.53
13.09	  4.76
14.09	  5.76
15.09	  3.42
16.09	 -0.43
17.09	  3.21
18.09	  5.18
19.09	 -0.70
20.09	  2.40
21.09	  2.42
22.09	  2.15
23.09	 -0.41
24.09	 -2.44
25.09	 -5.31
26.09	 -6.66
27.09	 -7.16
28.09	 -8.34
29.09	 -5.71
30.09	 -6.24
01.10	 -6.19
02.10	 -7.06
03.10	 -3.70
04.10	 -3.20
05.10	 -4.38
06.10	 -4.65
07.10	 -7.72
08.10	 -2.60
09.10	 -2.35
10.10	 -1.11
11.10	 -1.14	 6.0
12.10	 -3.27	12.0
13.10	 -5.89	13.0
14.10	-13.20	10.0
15.10	-14.65
16.10	-18.19	12.0
17.10	-17.73	32.0
18.10	-12.47	14.0
19.10	-13.43	15.0
20.10	-15.71	16.0
21.10	-22.72	17.0
22.10	-18.26	18.0
23.10	-18.86	19.0
24.10	-24.39	19.0
25.10	-23.51	19.0
26.10	-26.21	19.0
27.10	-25.85	19.0
28.10	-21.66	29.0
29.10	-23.10	21.0
30.10	-18.61	24.0
31.10	-17.25	25.0
01.11	-15.89	26.0
02.11	-18.09	27.0
03.11	-20.19	28.0
04.11	-28.73	28.0
05.11	-29.56	28.0
06.11	-27.02	27.0
07.11	-29.12	28.0
08.11	-36.00	28.0
09.11	-38.23	28.0
10.11	-35.54	28.0
11.11	-33.64	28.0
12.11	-30.88	28.0
13.11	-27.55	29.0
14.11	-33.11	29.0
15.11	-38.59	29.0
16.11	-35.71	29.0
17.11	-30.74	29.0
18.11	-37.39	29.0
19.11	-39.14	29.0
20.11	-39.94	29.0
21.11	-41.22	29.0
22.11	-39.84	29.0
23.11	-36.79	29.0
24.11	-39.36	29.0
25.11	-39.02	29.0
26.11	-38.90	29.0
27.11	-39.33	29.0
28.11	-42.34	29.0
29.11	-44.11	29.0
30.11	-44.69	29.0
01.12	-43.51	29.0
02.12	-43.20	29.0
03.12	-43.42	29.0
04.12	-40.80	29.0
05.12	-35.90	29.0
06.12	-38.10	29.0
07.12	-37.34	29.0
08.12	-46.14	30.0
09.12	-48.36	30.0
10.12	-49.64	30.0
11.12	-51.06
12.12	-49.61	30.0
13.12	-44.45	30.0
14.12	-41.38	31.0
15.12	-46.17	31.0
16.12	-48.42	31.0
17.12	-50.62	31.0
18.12	-51.86	33.0
19.12	-53.03	31.0
20.12	-52.11	31.0
21.12	-42.88	31.0
22.12	-46.85	32.0
23.12	-53.36	32.0
24.12	-54.52	32.0
25.12	-54.24	32.0
26.12	-53.73	32.0
27.12	-45.09	32.0
28.12	-36.04	33.0
29.12	-40.94	33.0
30.12	-42.45	33.0
31.12	-41.95	33.0
