01.01	-25.45	26.0
02.01	-27.48	26.0
03.01	-33.10	27.0
04.01	-43.95	27.0
05.01	-41.93	27.0
06.01	-39.77	27.0
07.01	-34.59	28.0
08.01	-30.15	29.0
09.01	-34.99	29.0
10.01	-36.70	30.0
11.01	-35.71	30.0
12.01	-42.26	30.0
13.01	-39.59	30.0
14.01	-44.29	30.0
15.01	-48.74	30.0
16.01	-49.81	30.0
17.01	-46.88	30.0
18.01	-48.26	30.0
19.01	-51.56	30.0
20.01	-50.64	30.0
21.01	-51.20	30.0
22.01	-52.79	30.0
23.01	-53.52	30.0
24.01	-52.68	30.0
25.01	-47.15	30.0
26.01	-47.77	30.0
27.01	-50.11	30.0
28.01	-44.65	31.0
29.01	-39.45	31.0
30.01	-44.23	32.0
31.01	-50.61	32.0
01.02	-53.60	32.0
02.02	-51.50	32.0
03.02	-50.91	32.0
04.02	-52.98	12.0
05.02	-48.50	32.0
06.02	-45.99	32.0
07.02	-37.88	33.0
08.02	-23.99	33.0
09.02	-23.43	35.0
10.02	-26.64	32.0
11.02	-23.32	36.0
12.02	-21.44	37.0
13.02	-22.02	38.0
14.02	-22.23	38.0
15.02	-17.30	40.0
16.02	-15.41	41.0
17.02	-26.29	43.0
18.02	-33.31	43.0
19.02	-26.47	43.0
20.02	-25.44	43.0
21.02	-35.47	43.0
22.02	-37.69	43.0
23.02	-41.48	43.0
24.02	-41.40	43.0
25.02	-40.74	43.0
26.02	-42.16	43.0
27.02	-43.15	43.0
28.02	-43.56	43.0
01.03	-43.39	43.0
02.03	-40.44	43.0
03.03	-31.39	43.0
04.03	-30.30	44.0
05.03	-34.91	44.0
06.03	-33.19	44.0
07.03	-33.06	44.0
08.03	-25.78	44.0
09.03	-31.47	44.0
10.03	-33.23	44.0
11.03	-32.05	44.0
12.03	-31.40	44.0
13.03	-29.90	44.0
14.03	-29.13	44.0
15.03	-30.54	44.0
16.03	-29.73	44.0
17.03	-26.00	44.0
18.03	-17.35	43.0
19.03	-21.24	 0.0
20.03	-21.95	43.0
21.03	-24.51	43.0
22.03	-26.17	43.0
23.03	-25.24	43.0
24.03	-20.64	43.0
25.03	-20.34	43.0
26.03	-21.09	41.0
27.03	-20.34	41.0
28.03	-21.43	41.0
29.03	-21.23	41.0
30.03	-23.05	41.0
31.03	-23.51	41.0
01.04	-24.57	40.0
02.04	-22.81	40.0
03.04	-22.94	40.0
04.04	-23.94	40.0
05.04	-22.10	39.0
06.04	-18.17	39.0
07.04	-17.35	39.0
08.04	-10.57	38.0
09.04	-10.99	39.0
10.04	-15.45	38.0
11.04	-11.74	37.0
12.04	 -9.53	37.0
13.04	 -4.15	36.0
14.04	 -8.31	36.0
15.04	-11.89	36.0
16.04	-13.78	36.0
17.04	-12.39	36.0
18.04	 -6.40	34.0
19.04	-12.75	34.0
20.04	-15.71	34.0
21.04	-14.19	33.0
22.04	-10.95	32.0
23.04	 -4.67	32.0
24.04	 -5.00	32.0
25.04	 -0.05	31.0
26.04	 -3.56	30.0
27.04	 -2.73	31.0
28.04	 -6.12	31.0
29.04	 -4.26	31.0
30.04	 -0.26	41.0
01.05	 -1.86	41.0
02.05	 -2.54	30.0
03.05	 -4.40	29.0
04.05	 -3.89	30.0
05.05	  0.27	29.0
06.05	  2.99	28.0
07.05	  5.80	28.0
08.05	  4.88	22.0
09.05	  0.75	12.0
10.05	  1.70	 8.0
11.05	  0.14	 4.0
12.05	  4.52	 2.0
13.05	  2.56	 1.0
14.05	 -2.08	 0.0
15.05	  1.93	 0.0
16.05	  4.39	 0.0
17.05	  5.60	 0.0
18.05	  7.26	 0.0
19.05	  6.70	 0.0
20.05	  2.56	 0.0
21.05	  6.40	 0.0
22.05	  5.84	 0.0
23.05	  4.65
24.05	  7.51	 0.0
25.05	  8.21	 0.0
26.05	  6.96	 0.0
27.05	  6.77	 0.0
28.05	  6.43	 0.0
29.05	  8.35	 0.0
30.05	  9.50	 0.0
31.05	 10.40	 0.0
01.06	  9.24	 0.0
02.06	  8.01	 0.0
03.06	  6.35	 0.0
04.06	  5.47	 0.0
05.06	  6.44	 0.0
06.06	  8.44	 0.0
07.06	  9.17	 0.0
08.06	  9.31	 0.0
09.06	 12.63	 0.0
10.06	 13.50	 0.0
11.06	 16.91	 0.0
12.06	 16.07	 0.0
13.06	 16.25	 0.0
14.06	 18.85	 0.0
15.06	 16.36	 0.0
16.06	 16.16	 0.0
17.06	 15.47	 0.0
18.06	 12.46	 0.0
19.06	 12.15	 0.0
20.06	 12.69	 0.0
21.06	 11.73	 0.0
22.06	 12.54	 0.0
23.06	 11.26	 0.0
24.06	 10.84	 0.0
25.06	  8.71	 0.0
26.06	  8.47	 0.0
27.06	  6.62	 0.0
28.06	  9.55	 0.0
29.06	 11.90	 0.0
30.06	 13.12	 0.0
01.07	 10.09	 0.0
02.07	 11.98	 0.0
03.07	 13.16	 0.0
04.07	 11.86	 0.0
05.07	 10.73	 0.0
06.07	 11.41	 0.0
07.07	 13.27	 0.0
08.07	 13.30	 0.0
09.07	 12.51	 0.0
10.07	 14.45	 0.0
11.07	 16.55	 0.0
12.07	 16.62	 0.0
13.07	 16.90	 0.0
14.07	 17.09	 0.0
15.07	 15.34	 0.0
16.07	 16.30	 0.0
17.07	 17.81	 0.0
18.07	 18.32	 0.0
19.07	 18.26	 0.0
20.07	 18.34	 0.0
21.07	 13.98	 0.0
22.07	 10.59	 0.0
23.07	  9.86	 0.0
24.07	 11.00	 0.0
25.07	 11.91	 0.0
26.07	 13.59	 0.0
27.07	 12.46	 0.0
28.07	  9.75	 0.0
29.07	 10.85	 0.0
30.07	 12.45	 0.0
31.07	 10.99	 0.0
01.08	 12.43	 0.0
02.08	 12.74	 0.0
03.08	 15.94	 0.0
04.08	 13.66	 0.0
05.08	 12.39	 0.0
06.08	 11.32	 0.0
07.08	 10.97	 0.0
08.08	 13.10	 0.0
09.08	 13.00	 0.0
10.08	 13.64	 0.0
11.08	 14.61	 0.0
12.08	 13.78	 0.0
13.08	 14.49	 0.0
14.08	 12.21	 0.0
15.08	 10.94	 0.0
16.08	  5.80	 0.0
17.08	 10.83	 0.0
18.08	 11.45	 0.0
19.08	 11.46	 0.0
20.08	 14.21	 0.0
21.08	 13.81	 0.0
22.08	 14.39	 0.0
23.08	 14.54	 0.0
24.08	 14.35	 0.0
25.08	 14.31	 0.0
26.08	 14.39	 0.0
27.08	 15.78	 0.0
28.08	 14.64	 0.0
29.08	 15.16	 0.0
30.08	 12.67	 0.0
31.08	 14.91	 0.0
01.09	 10.43	 0.0
02.09	  9.20	 0.0
03.09	  8.06	 0.0
04.09	  9.11	 0.0
05.09	 10.83	 0.0
06.09	  8.38	 0.0
07.09	  5.08	 0.0
08.09	  2.94	 0.0
09.09	 -0.21	 0.0
10.09	  5.02	 0.0
11.09	  6.56	 0.0
12.09	  7.42	 0.0
13.09	  8.84	 0.0
14.09	  6.94	 0.0
15.09	  5.94	 0.0
16.09	  7.68	 0.0
17.09	  5.08	 0.0
18.09	  2.57	 0.0
19.09	 -1.06	 0.0
20.09	 -0.74	 0.0
21.09	 -1.46	 0.0
22.09	  1.80	 0.0
23.09	  1.40	 0.0
24.09	 -4.21	 0.0
25.09	 -4.12	 0.0
26.09	 -8.64	 0.0
27.09	 -4.11	 0.0
28.09	 -5.70	 0.0
29.09	 -6.09	 0.0
30.09	 -4.62	 0.0
01.10	 -9.11	 1.0
02.10	 -7.58	 1.0
03.10	 -3.71	 1.0
04.10	 -2.53	 2.0
05.10	-12.12	 1.0
06.10	 -6.06	 5.0
07.10	 -5.74	 7.0
08.10	 -5.35	 8.0
09.10	 -9.51	 7.0
10.10	 -7.45	 7.0
11.10	 -6.80	 9.0
12.10	-10.14	 9.0
13.10	-12.51	 9.0
14.10	-10.00	10.0
15.10	 -7.62	11.0
16.10	 -9.16	11.0
17.10	-19.29	11.0
18.10	-15.48	11.0
19.10	-10.05	11.0
20.10	 -7.74	11.0
21.10	 -6.29	11.0
22.10	-23.81	11.0
23.10	-25.05	11.0
24.10	-25.64	11.0
25.10	-16.42	11.0
26.10	-17.24	11.0
27.10	-24.82	11.0
28.10	-26.96	11.0
29.10	-19.59	11.0
30.10	-17.47	18.0
31.10	-30.09	18.0
01.11	-36.17	18.0
