01.01	-46.19	32.0
02.01	-43.94	32.0
03.01	-45.51	33.0
04.01	-49.00	33.0
05.01	-41.41	33.0
06.01	-45.61	33.0
07.01	-48.66	33.0
08.01	-49.64	33.0
09.01	-46.50	33.0
10.01	-49.26	33.0
11.01	-50.05	33.0
12.01	-44.29	33.0
13.01	-47.39	33.0
14.01	-48.46	33.0
15.01	-50.05	33.0
16.01	-53.14	33.0
17.01	-48.19	33.0
18.01	-44.81	33.0
19.01	-41.15	33.0
20.01	-43.62	33.0
21.01	-44.54	31.0
22.01	-49.81	33.0
23.01	-48.06	33.0
24.01	-39.38	33.0
25.01	-39.21	33.0
26.01	-40.90	33.0
27.01	-43.05	33.0
28.01	-42.49	33.0
29.01	-41.64	33.0
30.01	-39.41	33.0
31.01	-44.34	33.0
01.02	-39.39	33.0
02.02	-44.00	33.0
03.02	-46.05	33.0
04.02	-45.51	33.0
05.02	-46.88	33.0
06.02	-47.91	33.0
07.02	-49.29	33.0
08.02	-49.07	33.0
09.02	-49.09	33.0
10.02	-49.36	33.0
11.02	-49.51	33.0
12.02	-50.25	33.0
13.02	-49.39	33.0
14.02	-46.50	33.0
15.02	-48.05	 0.0
16.02	-46.66	33.0
17.02	-47.70	33.0
18.02	-46.74	33.0
19.02	-46.85	33.0
20.02	-45.61	33.0
21.02	-43.67	33.0
22.02	-39.27	33.0
23.02	-34.48	33.0
24.02	-41.56	33.0
25.02	-43.64	33.0
26.02	-43.26	33.0
27.02	-43.77	33.0
28.02	-43.48	33.0
01.03	-41.71	33.0
02.03	-38.07	33.0
03.03	-38.55	33.0
04.03	-38.48	33.0
05.03	-41.07	33.0
06.03	-41.44	33.0
07.03	-40.21	33.0
08.03	-37.96	33.0
09.03	-34.00	33.0
10.03	-34.02	33.0
11.03	-30.73	33.0
12.03	-21.92	33.0
13.03	-23.23	34.0
14.03	-28.92	34.0
15.03	-30.31	34.0
16.03	-18.48	35.0
17.03	-23.19	35.0
18.03	-24.70	35.0
19.03	-23.83	35.0
20.03	-25.12	35.0
21.03	-14.85	35.0
22.03	-16.29	42.0
23.03	-22.79	34.0
24.03	-20.14	34.0
25.03	-21.60	34.0
26.03	-14.70
27.03	-18.01	34.0
28.03	-22.30	34.0
29.03	-23.73	34.0
30.03	-22.80	34.0
31.03	-23.35	34.0
01.04	-21.95	34.0
02.04	-26.40	34.0
03.04	-24.96	34.0
04.04	-18.54	34.0
05.04	-20.42	34.0
06.04	-17.57	33.0
07.04	-18.69	33.0
08.04	-15.04	33.0
09.04	-11.03	33.0
10.04	-12.57	 0.0
11.04	-10.81	33.0
12.04	-12.41	33.0
13.04	-13.79	33.0
14.04	-12.36	32.0
15.04	 -8.11	32.0
16.04	 -3.34	32.0
17.04	 -0.66	31.0
18.04	 -4.14	29.0
19.04	 -4.23	29.0
20.04	 -4.86	27.0
21.04	 -3.38	26.0
22.04	 -5.51	27.0
23.04	 -4.50	26.0
24.04	 -4.41	26.0
25.04	 -5.38	26.0
26.04	 -6.41	35.0
27.04	  0.40	31.0
28.04	  0.16	28.0
29.04	 -0.93	24.0
30.04	  0.55	22.0
01.05	  4.56	17.0
02.05	  5.56	 4.0
03.05	  5.41	 0.0
04.05	  6.34	 0.0
05.05	  7.03	 0.0
06.05	  6.96	 0.0
07.05	  3.90	 0.0
08.05	  4.56	 0.0
09.05	  2.16	 0.0
10.05	  4.14	 0.0
11.05	  4.89	 0.0
12.05	  6.71	 0.0
13.05	  5.65	 0.0
14.05	  6.70	101.0
15.05	  8.31	 0.0
16.05	 10.22	 0.0
17.05	  9.53	 0.0
18.05	  7.21	 0.0
19.05	  6.39	 0.0
20.05	  6.38	 0.0
21.05	  2.16	 0.0
22.05	  2.90	 0.0
23.05	  8.35	 0.0
24.05	  8.23	 0.0
25.05	  9.09	 0.0
26.05	  4.33	 0.0
27.05	  1.71	 5.0
28.05	  4.42	 0.0
29.05	  7.00	 0.0
30.05	  8.62	 0.0
31.05	  8.35	 0.0
01.06	  8.21	 0.0
02.06	 11.25	 0.0
03.06	 12.41	 0.0
04.06	 11.72	 0.0
05.06	  9.75	 0.0
06.06	  9.78	 0.0
07.06	 11.12	 0.0
08.06	 11.55	 0.0
09.06	  7.40	 0.0
10.06	  7.08	 0.0
11.06	 12.61	 0.0
12.06	 14.44	 0.0
13.06	 15.84	 0.0
14.06	 14.21	 0.0
15.06	 14.29	 0.0
16.06	 16.19	 0.0
17.06	 16.06	 0.0
18.06	 18.17	 0.0
19.06	 17.72	 0.0
20.06	 14.40	 0.0
21.06	  9.45	 0.0
22.06	  9.50	 0.0
23.06	 10.47	 0.0
24.06	 11.31	 0.0
25.06	 14.33	 0.0
26.06	 17.56	 0.0
27.06	 18.06	 0.0
28.06	 15.69	 0.0
29.06	 17.12	 0.0
30.06	 13.88	 0.0
01.07	 14.72	 0.0
02.07	 13.06	 0.0
03.07	 13.97	 0.0
04.07	 13.89	 0.0
05.07	 18.75	 0.0
06.07	 17.96	 0.0
07.07	 16.96	 0.0
08.07	 14.00	 0.0
09.07	 13.10	 0.0
10.07	 12.95	 0.0
11.07	 15.61	 0.0
12.07	 14.82	 0.0
13.07	 15.30	 0.0
14.07	 15.29	 0.0
15.07	 13.95	 0.0
16.07	 14.52	 0.0
17.07	 16.52	 0.0
18.07	 17.02	 0.0
19.07	 18.78	 0.0
20.07	 19.68	 0.0
21.07	 17.68	 0.0
22.07	 18.56	 0.0
23.07	 10.31	 0.0
24.07	  5.90	 0.0
25.07	  9.10	 0.0
26.07	 10.92	 0.0
27.07	 11.46	 0.0
28.07	 13.95	 0.0
29.07	 13.11	 0.0
30.07	 12.51	 0.0
31.07	 12.06	 0.0
01.08	 13.99	 0.0
02.08	 16.42	 0.0
03.08	 15.05	 0.0
04.08	 13.40	 0.0
05.08	 12.45	 0.0
06.08	 11.79	 0.0
07.08	 13.35	 0.0
08.08	 14.55	 0.0
09.08	 15.79	 0.0
10.08	 15.01	 0.0
11.08	 14.80	 0.0
12.08	 15.39	 0.0
13.08	 16.14	 0.0
14.08	 14.41	 0.0
15.08	 12.69	 0.0
16.08	 13.79	 0.0
17.08	 13.17	 0.0
18.08	  9.91	 0.0
19.08	 10.40	 0.0
20.08	  8.79	 0.0
21.08	  8.52	 0.0
22.08	  5.52	 0.0
23.08	  5.01	 0.0
24.08	  5.65	 0.0
25.08	  6.24	 0.0
26.08	  7.29	 0.0
27.08	  8.59	 0.0
28.08	  8.04	 0.0
29.08	  9.67	 0.0
30.08	  9.88	 0.0
31.08	 10.29	 0.0
01.09	  9.20	 0.0
02.09	 10.68	 0.0
03.09	  8.61	 0.0
04.09	  8.12	 0.0
05.09	  7.42	 0.0
06.09	  5.04	 0.0
07.09	  5.75	 0.0
08.09	  5.94	 0.0
09.09	  2.97	 0.0
10.09	  4.55	 0.0
11.09	  3.15	 0.0
12.09	  5.98	 0.0
13.09	  2.57	 0.0
14.09	  1.66	 0.0
15.09	  2.26	 0.0
27.09	 -1.06
28.09	 -4.11	 6.0
29.09	 -1.43	 5.0
30.09	 -3.51	 3.0
01.10	 -5.61	 3.0
02.10	 -7.22	 3.0
03.10	 -7.60	 0.0
04.10	 -8.10	 4.0
05.10	 -9.42	17.0
06.10	-12.97	16.0
07.10	-19.35	15.0
08.10	-17.00	15.0
09.10	-16.05	15.0
10.10	 -9.14	13.0
11.10	-14.91	13.0
12.10	-18.38	13.0
13.10	-18.48	13.0
14.10	-17.18	13.0
15.10	-20.59	13.0
16.10	-19.82	13.0
17.10	-19.27	13.0
18.10	-22.24	14.0
19.10	-21.16	13.0
20.10	-16.04	13.0
21.10	-18.66	13.0
22.10	-13.66	15.0
23.10	-21.21	15.0
24.10	-21.54	15.0
25.10	-22.80	14.0
26.10	-21.71	14.0
27.10	-20.41	14.0
28.10	-23.15	14.0
29.10	-26.64	14.0
30.10	-20.18	14.0
31.10	-21.20	13.0
01.11	-25.91	14.0
02.11	-19.98	14.0
03.11	-28.29	15.0
04.11	-23.75	15.0
05.11	-25.04	15.0
06.11	-30.81	15.0
07.11	-34.26	15.0
08.11	-25.52	167.0
09.11	-25.60	15.0
10.11	-31.20	15.0
11.11	-35.91	15.0
12.11	-37.91	15.0
13.11	-35.04	15.0
14.11	-35.36	16.0
15.11	-36.40	15.0
16.11	-28.95	15.0
17.11	-24.10	15.0
18.11	-28.56	16.0
19.11	-25.49	16.0
20.11	-26.12	16.0
21.11	-25.21	16.0
22.11	-25.88	16.0
23.11	-28.79	16.0
24.11	-30.11	16.0
25.11	-39.52	17.0
26.11	-42.77	17.0
27.11	-37.86	17.0
28.11	-32.08	18.0
29.11	-29.14	18.0
30.11	-34.02	18.0
01.12	-38.26	19.0
02.12	-40.07	19.0
03.12	-36.66	19.0
04.12	-33.21	20.0
05.12	-36.05	20.0
06.12	-30.09	21.0
07.12	-28.83	22.0
08.12	-32.62	22.0
09.12	-34.40	22.0
10.12	-29.80	23.0
11.12	-35.38	24.0
12.12	-33.62	24.0
13.12	-33.66	25.0
14.12	-32.54	25.0
15.12	-34.55	25.0
16.12	-38.01	25.0
17.12	-38.66	25.0
18.12	-34.08	25.0
19.12	-37.69	25.0
20.12	-42.80	25.0
21.12	-41.15	25.0
22.12	-46.29	25.0
23.12	-47.22	25.0
24.12	-47.15	25.0
25.12	-48.06	25.0
26.12	-46.96	25.0
27.12	-46.96	25.0
28.12	-40.38	26.0
29.12	-37.50	26.0
30.12	-29.85	26.0
31.12	-30.12	26.0
