01.01	 -2.27	12.0
02.01	 -2.15	11.0
03.01	 -2.95	11.0
04.01	 -0.17	11.0
05.01	 -1.22	12.0
06.01	 -2.88	12.0
07.01	 -4.51	14.0
08.01	 -6.38	14.0
09.01	 -8.93	15.0
10.01	-12.71	15.0
11.01	-11.15	15.0
12.01	 -8.97	15.0
13.01	 -9.70	15.0
14.01	 -9.34	15.0
15.01	-11.80	16.0
16.01	 -7.06	18.0
17.01	 -6.12	22.0
18.01	 -6.85	37.0
19.01	 -9.11	37.0
20.01	 -8.44	37.0
21.01	 -7.68	38.0
22.01	-16.55	38.0
23.01	-18.52	38.0
24.01	-13.10	38.0
25.01	-12.78	38.0
26.01	-18.36	38.0
27.01	-21.09	37.0
28.01	-12.88	37.0
29.01	 -6.60	 0.0
30.01	 -5.05	 0.0
31.01	 -3.86	36.0
01.02	 -2.11	38.0
02.02	  0.50	38.0
03.02	  0.17	36.0
04.02	 -0.36	36.0
05.02	 -3.40	46.0
06.02	 -0.06	46.0
07.02	 -1.69	49.0
08.02	 -1.37	47.0
09.02	 -0.96	46.0
10.02	  0.67	46.0
11.02	  0.69	41.0
12.02	 -2.45	39.0
13.02	 -6.03	38.0
14.02	 -7.36	38.0
15.02	 -7.61	38.0
16.02	 -5.86	38.0
17.02	 -7.53	37.0
18.02	 -8.34	37.0
19.02	-12.03	38.0
20.02	-12.05	37.0
21.02	-11.95	37.0
22.02	-12.41	37.0
23.02	-11.49	37.0
24.02	 -9.47	37.0
25.02	 -6.66	37.0
26.02	 -0.84	 0.0
27.02	 -1.52	37.0
28.02	  0.47	37.0
01.03	  0.35	36.0
02.03	 -4.26	37.0
03.03	-12.51	39.0
04.03	 -8.55	42.0
05.03	-12.40	42.0
06.03	 -8.85	42.0
07.03	 -0.66	41.0
08.03	 -8.55	40.0
09.03	-13.81	40.0
10.03	-11.75	39.0
11.03	-10.28	39.0
12.03	 -7.86	39.0
13.03	 -6.91	39.0
14.03	 -3.27	40.0
15.03	  1.19	41.0
16.03	  2.05	33.0
17.03	 -3.97	28.0
18.03	 -4.58	29.0
19.03	 -5.21	30.0
20.03	 -5.80	29.0
21.03	 -4.91	32.0
22.03	 -8.12	33.0
23.03	 -9.80	32.0
24.03	 -9.05	32.0
25.03	 -8.90	39.0
26.03	 -7.41	41.0
27.03	 -8.00	39.0
28.03	 -7.40	37.0
29.03	 -3.23	35.0
30.03	 -4.60	34.0
31.03	  1.21	37.0
01.04	  3.04	36.0
02.04	  5.20	27.0
03.04	  0.89	22.0
04.04	  1.35	18.0
05.04	  3.03	15.0
06.04	  2.59	10.0
07.04	  0.51	13.0
08.04	  1.41	11.0
