01.01	 -5.26	 9.0
02.01	  0.11	 9.0
03.01	  1.50	 8.0
04.01	  0.38	 5.0
05.01	 -5.12	 5.0
06.01	-16.84	 7.0
07.01	-20.20	 7.0
08.01	-15.79	 7.0
09.01	-10.39	 7.0
10.01	 -1.84	 9.0
11.01	 -1.20	 7.0
12.01	 -0.07	10.0
13.01	 -0.97	11.0
14.01	  2.06	 9.0
15.01	  1.49	 4.0
16.01	 -0.07	 3.0
17.01	 -1.47	 1.0
18.01	 -0.39	 1.0
19.01	 -1.06	 1.0
20.01	 -3.82	 1.0
21.01	 -6.15	 1.0
22.01	-10.90	 1.0
23.01	 -6.72	 1.0
24.01	 -3.33	 1.0
25.01	-10.90	 3.0
26.01	-10.19	 3.0
27.01	 -7.61	 4.0
28.01	 -5.41	 9.0
29.01	 -4.39	 9.0
30.01	 -2.81	 9.0
31.01	  0.18	 9.0
01.02	  1.60	 5.0
02.02	 -1.40	 7.0
03.02	 -3.33	 8.0
04.02	 -3.69	13.0
05.02	 -5.51	13.0
06.02	 -8.24	13.0
07.02	 -7.26	13.0
08.02	 -2.25	15.0
09.02	 -5.51	13.0
10.02	-10.59	14.0
11.02	 -7.50	14.0
12.02	 -2.86	14.0
13.02	 -1.81	14.0
14.02	 -3.15	14.0
15.02	 -4.04	14.0
16.02	 -7.65	14.0
17.02	 -7.53	14.0
18.02	 -6.35	14.0
19.02	 -3.02
20.02	 -0.71	14.0
21.02	  1.85	13.0
22.02	  0.80	11.0
23.02	  1.18	 7.0
24.02	  0.58	 6.0
25.02	 -0.84	 5.0
26.02	 -0.69	 5.0
27.02	 -0.35	 5.0
28.02	  1.14	 3.0
01.03	 -0.65	 3.0
02.03	 -1.26	 3.0
03.03	 -0.50	 3.0
04.03	 -0.03	 2.0
05.03	  0.39	 4.0
06.03	  0.19	 4.0
07.03	 -0.55	 4.0
08.03	  0.24	 3.0
09.03	  5.91	 3.0
10.03	  6.59
11.03	  5.97
12.03	  2.08
13.03	  2.52
14.03	  1.25
15.03	  2.69
16.03	  3.43
17.03	  2.97
18.03	  1.88
19.03	  3.27
20.03	  3.48
21.03	  2.32
22.03	 -1.65	 3.0
23.03	 -4.57	 3.0
24.03	  1.57	 3.0
25.03	  6.11
26.03	  3.80
27.03	 -0.10
28.03	 -0.59
29.03	 -1.21
30.03	 -1.50
31.03	 -0.05	 3.0
01.04	  0.27	 3.0
02.04	  2.50	 3.0
03.04	  0.78	 2.0
04.04	  1.86	 2.0
05.04	  1.04
06.04	  1.46	 2.0
07.04	  2.45
08.04	  4.05
09.04	  3.75
10.04	  6.88
11.04	  9.64
12.04	 10.82
13.04	 10.46
14.04	  6.16
15.04	  3.37
16.04	  5.06
17.04	  3.93
18.04	  4.04
19.04	  1.54
20.04	 -1.12
21.04	  1.66	 1.0
22.04	  4.45
23.04	  8.03
24.04	  7.90
25.04	  9.05
26.04	  7.51
27.04	 14.91
28.04	 16.62
29.04	 16.07
30.04	 10.58
01.05	  9.90
02.05	 14.34
03.05	 13.12
04.05	  9.32
05.05	 10.83
06.05	 10.28
07.05	 10.48
08.05	 12.43
09.05	 13.03
10.05	 15.41
11.05	 16.45
12.05	 15.99
13.05	 16.17
14.05	 14.21
15.05	 11.09
16.05	  8.26
17.05	  7.04
18.05	  8.50
19.05	  8.66
20.05	 13.67
21.05	 17.09
22.05	 22.30
23.05	 20.86
24.05	 18.73
25.05	 16.31
26.05	 21.12
27.05	 22.05
28.05	 21.31
29.05	 21.40
30.05	 19.42
31.05	 17.69
01.06	 17.47
02.06	 16.81
03.06	 20.05
04.06	 21.00
05.06	 14.50
06.06	 14.21
07.06	 18.52
08.06	 17.84
09.06	 16.38
10.06	 15.40
11.06	 15.84
12.06	 17.40
13.06	 18.89
14.06	 22.41
15.06	 24.49
16.06	 18.00
17.06	 13.57
18.06	 13.47
19.06	 15.17
20.06	 18.57
21.06	 17.96
22.06	 19.78
23.06	 19.42
24.06	 20.88
25.06	 20.80
26.06	 18.21
27.06	 19.46
28.06	 15.03
29.06	 15.26
30.06	 17.57
01.07	 18.65
02.07	 19.39
03.07	 17.99
04.07	 21.94
05.07	 23.35
06.07	 18.69
07.07	 17.14
08.07	 20.01
09.07	 23.61
10.07	 20.43
11.07	 14.41
12.07	 13.61
13.07	 13.96
14.07	 16.35
15.07	 16.54
16.07	 18.22
17.07	 17.60
18.07	 16.00
19.07	 16.75
20.07	 18.35
21.07	 14.23
22.07	 17.32
23.07	 17.89
24.07	 18.65
25.07	 19.81
26.07	 22.29
27.07	 25.73
28.07	 21.79
29.07	 18.93
30.07	 18.05
31.07	 19.19
01.08	 15.79
02.08	 17.41
03.08	 17.27
04.08	 19.90
05.08	 19.46
06.08	 17.94
07.08	 19.07
08.08	 23.06
09.08	 23.10
10.08	 25.40
11.08	 22.65
12.08	 20.59
13.08	 22.21
14.08	 18.82
15.08	 16.34
16.08	 14.13
17.08	 12.38
18.08	 11.18
19.08	 13.28
20.08	 14.70
21.08	 15.80
22.08	 16.70
23.08	 17.35
24.08	 14.56
25.08	 13.95
26.08	 16.29
27.08	 16.58
28.08	 17.76
29.08	 18.88
30.08	 14.26
31.08	 14.78
01.09	 13.31
02.09	 12.69
03.09	 14.80
04.09	 15.02
05.09	 16.01
06.09	 12.73
07.09	 14.69
08.09	 12.02
09.09	 11.81
10.09	 10.78
11.09	 11.99
12.09	 10.65
13.09	 11.22
14.09	 11.46
15.09	 10.59
16.09	 11.20
17.09	 14.81
18.09	 20.52
19.09	 19.95
20.09	 15.70
21.09	 18.41
22.09	 16.26
23.09	 16.91
24.09	 19.66
25.09	 18.80
26.09	 18.69
27.09	 19.50
28.09	 14.16
29.09	  9.40
30.09	  8.97
01.10	  7.59
02.10	 11.45
03.10	 12.81
04.10	  8.45
05.10	 12.56
06.10	  9.08
07.10	  0.95
08.10	  0.80
09.10	 -0.51
10.10	  1.25
11.10	  1.70
12.10	  2.77
13.10	  3.93
14.10	  2.79
15.10	  5.33
16.10	  6.16
17.10	  4.46
18.10	  5.85
19.10	  5.75
20.10	  1.15
21.10	 -1.93
22.10	  1.45
23.10	  1.14
24.10	  4.64
25.10	  4.56
26.10	  5.12
27.10	  4.71
28.10	  2.21
29.10	 -0.02
30.10	  0.40
31.10	 -1.15
01.11	  3.56
02.11	  5.34
03.11	  7.15
04.11	  6.05
05.11	  5.42
06.11	  0.28
07.11	 -4.35
08.11	 -1.95
09.11	 -0.46
10.11	  2.89
11.11	  3.11
12.11	  2.50
13.11	  1.38
14.11	  0.10
15.11	 -1.99	10.0
16.11	 -2.24	11.0
17.11	 -2.06	 9.0
18.11	 -2.49	 9.0
19.11	  1.10	 7.0
20.11	  3.94	 2.0
21.11	  4.46
22.11	  2.15
23.11	  0.45
24.11	 -0.35
25.11	 -2.24	 1.0
26.11	 -4.94	 1.0
27.11	 -6.76	 1.0
28.11	 -5.21	 1.0
29.11	 -6.35	 1.0
30.11	 -1.49	 1.0
01.12	  0.49	 4.0
02.12	 -0.47	 3.0
03.12	 -0.48	 3.0
04.12	 -1.07	 2.0
05.12	  1.85	 3.0
06.12	  3.73
07.12	  5.42
08.12	  2.90
09.12	 -0.29
10.12	 -2.76
11.12	 -1.79
12.12	 -2.16
13.12	  0.18	 2.0
14.12	 -0.79	 3.0
15.12	 -2.26	 3.0
16.12	 -2.79	 4.0
17.12	 -3.88	 7.0
18.12	 -4.64	 7.0
19.12	  1.16	 5.0
20.12	  4.08
21.12	  7.84
22.12	  4.76
23.12	  3.96
24.12	  6.18
25.12	  2.34
26.12	  1.49	 1.0
27.12	 -1.67
28.12	 -6.31
29.12	 -9.04
30.12	 -7.62
31.12	 -8.69	 1.0
