01.01	 -2.27	12.0
02.01	 -2.15	11.0
03.01	 -2.95	11.0
04.01	 -0.17	11.0
05.01	 -1.22	12.0
06.01	 -2.88	12.0
07.01	 -4.51	14.0
08.01	 -6.38	14.0
09.01	 -8.93	15.0
10.01	-12.71	15.0
11.01	-11.15	15.0
12.01	 -8.97	15.0
13.01	 -9.70	15.0
14.01	 -9.34	15.0
15.01	-11.80	16.0
16.01	 -7.06	18.0
17.01	 -6.12	22.0
18.01	 -6.85	37.0
19.01	 -9.11	37.0
20.01	 -8.44	37.0
21.01	 -7.68	38.0
22.01	-16.55	38.0
23.01	-18.52	38.0
24.01	-13.10	38.0
25.01	-12.78	38.0
26.01	-18.36	38.0
27.01	-21.09	37.0
28.01	-12.88	37.0
29.01	 -6.60
30.01	 -5.05
31.01	 -3.86	36.0
01.02	 -2.11	38.0
02.02	  0.50	38.0
03.02	  0.17	36.0
04.02	 -0.36	36.0
05.02	 -3.40	46.0
06.02	 -0.06	46.0
07.02	 -1.69	49.0
08.02	 -1.37	47.0
09.02	 -0.96	46.0
10.02	  0.67	46.0
11.02	  0.69	41.0
12.02	 -2.45	39.0
13.02	 -6.03	38.0
14.02	 -7.36	38.0
15.02	 -7.61	38.0
16.02	 -5.86	38.0
17.02	 -7.53	37.0
18.02	 -8.34	37.0
19.02	-12.03	38.0
20.02	-12.05	37.0
21.02	-11.95	37.0
22.02	-12.41	37.0
23.02	-11.49	37.0
24.02	 -9.47	37.0
25.02	 -6.66	37.0
26.02	 -0.84
27.02	 -1.52	37.0
28.02	  0.47	37.0
01.03	  0.35	36.0
02.03	 -4.26	37.0
03.03	-12.51	39.0
04.03	 -8.55	42.0
05.03	-12.40	42.0
06.03	 -8.85	42.0
07.03	 -0.66	41.0
08.03	 -8.55	40.0
09.03	-13.81	40.0
10.03	-11.75	39.0
11.03	-10.28	39.0
12.03	 -7.86	39.0
13.03	 -6.91	39.0
14.03	 -3.27	40.0
15.03	  1.19	41.0
16.03	  2.05	33.0
17.03	 -3.97	28.0
18.03	 -4.58	29.0
19.03	 -5.21	30.0
20.03	 -5.80	29.0
21.03	 -4.91	32.0
22.03	 -8.12	33.0
23.03	 -9.80	32.0
24.03	 -9.05	32.0
25.03	 -8.90	39.0
26.03	 -7.41	41.0
27.03	 -8.00	39.0
28.03	 -7.40	37.0
29.03	 -3.23	35.0
30.03	 -4.60	34.0
31.03	  1.21	37.0
01.04	  3.04	36.0
02.04	  5.20	27.0
03.04	  0.89	22.0
04.04	  1.35	18.0
05.04	  3.03	15.0
06.04	  2.59	10.0
07.04	  0.51	13.0
08.04	  1.41	11.0
09.04	  1.41	 7.0
10.04	  1.51	 6.0
11.04	  2.09	 2.0
12.04	  3.56	 2.0
13.04	  4.90
14.04	  8.14
15.04	  8.26
16.04	  8.99
17.04	 10.21
18.04	 11.54
19.04	 13.29
20.04	 12.16
21.04	  7.78
22.04	  4.67
23.04	  2.57
24.04	  6.28
25.04	  5.31
26.04	  8.32
27.04	 16.45
28.04	 10.85
29.04	  9.05
30.04	 11.86
01.05	 10.86
02.05	 10.68
03.05	 11.59
04.05	 13.17
05.05	 14.34
06.05	 11.32
07.05	 11.89
08.05	 15.10
09.05	 18.11
10.05	 20.24
11.05	 20.42
12.05	 20.06
13.05	 20.94
14.05	 21.34
15.05	 21.15
16.05	 22.65
17.05	 22.94
18.05	 21.43
19.05	 19.86
20.05	 19.96
21.05	 17.08
22.05	 15.59
23.05	 16.66
24.05	 18.98
25.05	 18.38
26.05	 16.23
27.05	 16.66
28.05	 17.55
29.05	 16.89
30.05	 16.83
31.05	 18.81
01.06	 20.38
02.06	 17.57
03.06	 18.62
04.06	 19.69
05.06	 18.84
06.06	 15.80
07.06	 15.80
08.06	 17.29
09.06	 17.16
10.06	 19.73
11.06	 19.64
12.06	 17.67
13.06	 17.33
14.06	 18.26
15.06	 20.22
16.06	 19.49
17.06	 19.60
18.06	 16.50
19.06	 16.71
20.06	 17.81
21.06	 17.39
22.06	 14.65
23.06	 17.79
24.06	 20.59
25.06	 22.61
26.06	 23.93
27.06	 24.14
28.06	 23.26
29.06	 23.96
30.06	 20.54
01.07	 18.05
02.07	 21.55
03.07	 21.71
04.07	 22.90
05.07	 23.55
06.07	 23.04
07.07	 20.89
08.07	 20.01
09.07	 18.15
10.07	 19.31
11.07	 20.27
12.07	 21.09
13.07	 21.26
14.07	 19.46
15.07	 18.61
16.07	 17.34
17.07	 18.19
18.07	 17.74
19.07	 19.08
20.07	 17.19
21.07	 13.54
22.07	 13.14
23.07	 13.78
24.07	 13.88
25.07	 14.91
26.07	 16.45
27.07	 15.43
28.07	 16.10
29.07	 16.61
30.07	 17.23
31.07	 17.71
01.08	 18.56
02.08	 19.50
03.08	 17.48
04.08	 18.34
05.08	 19.36
06.08	 20.04
07.08	 20.33
08.08	 20.51
09.08	 20.21
10.08	 22.67
11.08	 24.36
12.08	 22.12
13.08	 20.85
14.08	 21.54
15.08	 15.75
16.08	 16.36
17.08	 16.45
18.08	 16.81
19.08	 18.38
20.08	 17.51
21.08	 17.88
22.08	 19.05
23.08	 20.69
24.08	 17.56
25.08	 15.35
26.08	 14.06
27.08	 12.61
28.08	 13.85
29.08	 15.02
30.08	 13.43
31.08	 15.19
01.09	 13.88
02.09	 13.86
03.09	 13.02
04.09	 12.50
05.09	  9.05
06.09	 10.89
07.09	 12.46
08.09	 12.55
09.09	 12.61
10.09	 11.31
11.09	  9.36
12.09	 10.28
13.09	 10.96
14.09	 12.54
15.09	 11.82
16.09	 12.59
17.09	 13.16
18.09	 12.93
19.09	 14.23
20.09	 11.24
21.09	 11.46
22.09	  9.93
23.09	  9.16
24.09	  7.49
25.09	  5.74
26.09	  3.01
27.09	  1.96
28.09	  3.51
29.09	  3.71
30.09	  2.71
01.10	  2.20
02.10	  2.29
03.10	  1.00
04.10	  0.64
05.10	  4.27
06.10	  6.40
07.10	  5.80
08.10	 10.19
09.10	 11.01
10.10	 11.79
11.10	  9.35
12.10	  7.66
13.10	  6.44
14.10	  5.17
15.10	  4.10
16.10	  9.34
17.10	  6.99
18.10	  5.51
19.10	  2.96
20.10	  2.49
21.10	  3.64
22.10	  1.35
23.10	 -0.64
24.10	  4.09
25.10	  8.26
26.10	  8.14
27.10	  9.19
28.10	 10.41
29.10	 11.34
30.10	 10.18
31.10	  7.56
01.11	  6.08
02.11	  6.84
03.11	  7.07
04.11	  9.25
05.11	  7.28
06.11	 13.36
07.11	 10.10
08.11	  5.21
09.11	  6.91
10.11	  9.29
11.11	  7.38
12.11	  5.95
13.11	  2.29
14.11	  1.66
15.11	  2.34
16.11	  1.56
17.11	  3.88
18.11	  1.74
19.11	 -1.41
20.11	 -0.75
21.11	  2.12
22.11	  4.29
23.11	  3.32
24.11	  2.55
25.11	  2.17
26.11	  2.59
27.11	 -3.21
28.11	 -1.66
29.11	  0.14	 2.0
30.11	 -3.11	 4.0
01.12	 -0.34	 5.0
02.12	 -0.72	 5.0
03.12	 -6.34	 3.0
04.12	 -0.64	 4.0
05.12	 -0.77	 5.0
06.12	 -1.99	 6.0
07.12	 -2.07	 8.0
08.12	 -2.56	11.0
09.12	 -6.34	11.0
10.12	-10.75	12.0
11.12	-13.86	12.0
12.12	 -5.94	13.0
13.12	 -0.28	12.0
14.12	 -2.89	15.0
15.12	 -8.18	15.0
16.12	-11.19	15.0
17.12	 -1.15	15.0
18.12	  1.31	13.0
19.12	 -0.30	11.0
20.12	 -2.75	10.0
21.12	 -2.36
22.12	  0.55	11.0
23.12	  0.35	10.0
24.12	  1.38	 8.0
25.12	  0.64	 7.0
26.12	  0.11	 6.0
27.12	 -2.86	 5.0
28.12	 -0.49	 5.0
29.12	  0.75	 4.0
30.12	 -0.26	 3.0
31.12	  0.75	 3.0
