01.01	 -4.76	 6.0
02.01	-10.30	 8.0
03.01	-14.42	 8.0
04.01	-12.56	 8.0
05.01	-18.01	 8.0
06.01	-14.66	 9.0
07.01	-12.97	 8.0
08.01	-12.34	 8.0
09.01	-14.71	 9.0
10.01	-10.12	15.0
11.01	-10.08	15.0
12.01	 -1.24	16.0
13.01	 -2.38	16.0
14.01	 -5.46	16.0
15.01	 -4.41	12.0
16.01	 -2.34	19.0
17.01	 -2.93	19.0
18.01	 -4.10	21.0
19.01	 -5.41	23.0
20.01	 -7.76	22.0
21.01	 -6.86	21.0
22.01	 -2.56	20.0
23.01	 -0.93	19.0
24.01	 -2.89	19.0
25.01	 -0.41	17.0
26.01	 -1.48	17.0
27.01	 -1.65	17.0
28.01	 -0.25	17.0
29.01	  0.05	20.0
30.01	 -1.62	18.0
31.01	 -7.45	19.0
01.02	-18.14	19.0
02.02	-19.39	19.0
03.02	-14.23	19.0
04.02	-10.14	18.0
05.02	 -3.89	22.0
06.02	 -6.91	22.0
07.02	 -2.54	25.0
08.02	  0.82	23.0
09.02	  0.70	17.0
10.02	  0.21	14.0
11.02	 -2.35	18.0
12.02	 -1.32	19.0
13.02	 -1.14	19.0
14.02	 -0.54	18.0
15.02	  0.65	28.0
16.02	 -0.09	28.0
17.02	 -0.81	28.0
18.02	 -2.37	30.0
19.02	 -9.26	30.0
20.02	 -8.85	29.0
21.02	 -6.42	29.0
22.02	-14.29	29.0
23.02	-13.17	30.0
24.02	-11.62	30.0
25.02	 -7.84	30.0
26.02	 -3.84	30.0
27.02	 -4.66	30.0
28.02	 -3.66	30.0
01.03	 -2.30	30.0
02.03	 -1.46	32.0
03.03	 -2.04	33.0
04.03	 -4.90	33.0
05.03	 -2.70	33.0
06.03	 -4.80	31.0
07.03	 -5.85	31.0
08.03	 -2.67	33.0
09.03	  0.58	37.0
10.03	  0.21	36.0
11.03	  1.12	34.0
12.03	  1.75	32.0
13.03	 -0.52	30.0
14.03	 -1.69	29.0
15.03	 -4.36	28.0
16.03	 -4.88	28.0
17.03	 -2.89	28.0
18.03	 -3.94	28.0
19.03	 -0.41	28.0
20.03	 -1.10	27.0
21.03	 -1.69	26.0
22.03	 -2.58	31.0
23.03	 -5.29	30.0
24.03	 -3.46	29.0
25.03	  1.26	31.0
26.03	 -0.67	28.0
27.03	 -3.19	27.0
28.03	 -2.01	26.0
29.03	  0.99	26.0
30.03	  4.21	22.0
31.03	  3.98	18.0
01.04	  3.26	13.0
02.04	  1.93	 7.0
03.04	  0.24	 4.0
04.04	  1.76	 2.0
05.04	  0.67
06.04	  6.69
07.04	  3.08
08.04	  0.19
09.04	  0.38
10.04	 -0.45
11.04	  0.60
12.04	  4.83
13.04	  6.33
14.04	  6.62
15.04	  9.88
16.04	  3.33
17.04	  3.14
18.04	  5.24
19.04	  0.62
20.04	  1.70
21.04	 -0.15
22.04	  0.43
23.04	  3.49
24.04	  6.43
25.04	  8.85
26.04	 13.73
27.04	 16.26
28.04	 16.80
29.04	 17.40
30.04	 14.69
01.05	  8.75
02.05	  9.11
03.05	 12.19
04.05	 14.99
05.05	 15.04
06.05	 14.81
07.05	 13.05
08.05	 12.85
09.05	 12.22
10.05	 16.60
11.05	 17.49
12.05	 17.59
13.05	 13.19
14.05	  7.04
15.05	  7.74
16.05	  8.86
17.05	  8.89
18.05	 10.51
19.05	 12.94
20.05	 13.21
21.05	 13.79
22.05	 14.65
23.05	 14.51
24.05	 10.67
25.05	 12.53
26.05	 14.04
27.05	 16.32
28.05	 18.44
29.05	 18.46
30.05	 18.85
31.05	 18.25
01.06	 18.97
02.06	 18.41
03.06	 18.97
04.06	 16.24
05.06	 13.31
06.06	 10.59
07.06	 11.60
08.06	 17.55
09.06	 16.96
10.06	 21.86
11.06	 25.51
12.06	 23.34
13.06	 21.55
14.06	 17.35
15.06	 16.41
16.06	 18.16
17.06	 15.16
18.06	 12.79
19.06	 13.49
20.06	 14.34
21.06	 16.43
22.06	 20.26
23.06	 21.04
24.06	 16.24
25.06	 14.71
26.06	 18.55
27.06	 21.12
28.06	 21.58
29.06	 20.29
30.06	 16.14
01.07	 15.34
02.07	 17.61
03.07	 19.03
04.07	 12.90
05.07	 10.78
06.07	 10.89
07.07	 12.99
08.07	 16.56
09.07	 18.73
10.07	 18.06
11.07	 19.02
12.07	 20.44
13.07	 23.53
14.07	 25.11
15.07	 22.44
16.07	 22.50
17.07	 24.31
18.07	 23.68
19.07	 24.43
20.07	 21.85
21.07	 19.95
22.07	 17.02
23.07	 17.04
24.07	 18.94
25.07	 22.23
26.07	 21.15
27.07	 18.60
28.07	 17.57
29.07	 17.99
30.07	 20.93
31.07	 18.62
01.08	 21.68
02.08	 19.47
03.08	 18.47
04.08	 16.02
05.08	 17.44
06.08	 15.61
07.08	 14.76
08.08	 13.20
09.08	 12.40
10.08	 12.59
11.08	 16.51
12.08	 17.91
13.08	 17.80
14.08	 15.17
15.08	 14.31
16.08	 14.74
17.08	 18.76
18.08	 21.70
19.08	 18.07
20.08	 12.60
21.08	 10.84
22.08	 13.80
23.08	 15.51
24.08	 14.67
25.08	 13.46
26.08	 14.31
27.08	 15.15
28.08	 16.23
29.08	 15.05
30.08	 16.46
31.08	 14.68
01.09	 14.88
02.09	 17.94
03.09	 18.81
04.09	 18.10
05.09	 18.85
06.09	 18.31
07.09	 19.14
08.09	 18.64
09.09	 18.76
10.09	 17.55
11.09	 17.44
12.09	 15.11
13.09	 15.89
14.09	 16.96
15.09	 14.47
16.09	 13.81
17.09	 14.62
18.09	 11.80
19.09	  8.29
20.09	 10.75
21.09	 13.72
22.09	 13.44
23.09	 12.91
24.09	 13.86
25.09	 10.31
26.09	  8.52
27.09	  8.86
28.09	 12.61
29.09	 11.30
30.09	  6.98
01.10	  5.94
02.10	  7.63
03.10	  4.85
04.10	  5.79
05.10	 10.49
06.10	  6.79
07.10	  6.04
08.10	 11.10
09.10	 11.45
10.10	  5.64
11.10	  2.89
12.10	  8.04
13.10	 10.24
14.10	 14.30
15.10	  9.41
16.10	  8.36
17.10	  8.16
18.10	  4.34
19.10	  4.68
20.10	  3.75
21.10	  5.65
22.10	  8.17
23.10	  8.95
24.10	  7.38
25.10	  4.58
26.10	  2.44
27.10	  4.74
28.10	  3.59
29.10	  4.09
30.10	 -0.34
31.10	 -2.24
01.11	 -2.23
02.11	 -1.89
03.11	 -2.06
04.11	 -4.09
05.11	 -2.94
06.11	 -1.06
07.11	  1.65	 2.0
08.11	  3.69
09.11	  1.75
10.11	  1.94
11.11	  2.94
12.11	  2.52
13.11	  5.71
14.11	  4.44
15.11	  1.84
16.11	 -0.03
17.11	 -0.79	 3.0
18.11	 -0.05
19.11	  0.45	 4.0
20.11	  0.62	 1.0
21.11	  2.10
22.11	  5.74
23.11	  3.53
24.11	  4.40
25.11	  5.81
26.11	  4.90
27.11	  6.65
28.11	  3.31
29.11	  3.50
30.11	  3.21
01.12	  3.24
02.12	  7.38
03.12	  5.27
04.12	  1.44
05.12	 -0.70
06.12	 -3.62
07.12	 -5.83
08.12	 -6.29
09.12	 -4.11
10.12	 -5.52
11.12	 -6.02
12.12	 -8.33
13.12	-10.45
14.12	 -9.96
15.12	-22.46	 1.0
16.12	-23.46	 1.0
17.12	-18.00
18.12	-19.35	 1.0
19.12	-17.40	 1.0
20.12	-12.00	 2.0
21.12	 -9.87
22.12	-14.40	12.0
23.12	 -5.60	12.0
24.12	 -2.62	12.0
25.12	 -0.45	10.0
26.12	  2.00	 8.0
27.12	  1.18	 5.0
28.12	 -1.26	 3.0
29.12	 -2.09	 5.0
30.12	 -7.10	13.0
31.12	 -5.84	15.0
