01.01	 -0.47	 7.0
02.01	 -1.74	 7.0
03.01	 -2.62	 7.0
04.01	 -0.41	11.0
05.01	  0.89	 9.0
06.01	  1.57	 8.0
07.01	  1.65	 4.0
08.01	  0.26	 2.0
09.01	 -0.88	 9.0
10.01	 -3.10	17.0
11.01	 -3.22	17.0
12.01	 -3.77	17.0
13.01	 -0.50	18.0
14.01	 -2.09	16.0
15.01	 -4.50	14.0
16.01	 -5.65	15.0
17.01	 -7.04	16.0
18.01	 -8.03	16.0
19.01	-10.96	16.0
20.01	-10.65	16.0
21.01	-10.10	17.0
22.01	-13.98	18.0
23.01	-14.43	17.0
24.01	-16.15	16.0
25.01	-16.83	16.0
26.01	-15.31	16.0
27.01	-16.73	16.0
28.01	-15.48	16.0
29.01	-13.30	16.0
30.01	-15.54	16.0
31.01	-20.16	16.0
01.02	-23.44
02.02	-18.34	17.0
03.02	-23.12	18.0
04.02	-20.01	18.0
05.02	-13.75	18.0
06.02	-16.53	18.0
07.02	-19.61	18.0
08.02	-19.96	18.0
09.02	-18.36	18.0
10.02	-17.59	18.0
11.02	-19.93	18.0
12.02	-21.51	20.0
13.02	-23.35	20.0
14.02	-18.10	20.0
15.02	 -6.75	25.0
16.02	-11.51	25.0
17.02	-11.59	27.0
18.02	-12.95	28.0
19.02	-14.02	29.0
20.02	-13.99	28.0
21.02	 -6.56	28.0
22.02	 -4.05	28.0
23.02	 -2.16	26.0
24.02	  0.03	26.0
25.02	  0.14	30.0
26.02	 -0.64	28.0
27.02	 -2.14	31.0
28.02	 -4.31	31.0
29.02	 -5.62	31.0
01.03	 -4.09	30.0
02.03	 -5.00	30.0
03.03	 -9.24	29.0
04.03	 -3.01	29.0
05.03	 -5.01	29.0
06.03	 -7.09	29.0
07.03	 -8.96	29.0
08.03	-11.54	29.0
09.03	 -9.94	29.0
10.03	 -6.30	29.0
11.03	 -6.66	29.0
12.03	 -1.75	30.0
13.03	  0.69	33.0
14.03	 -1.29	36.0
15.03	 -5.51	37.0
16.03	 -8.00	37.0
17.03	 -3.30	34.0
18.03	  2.28	32.0
19.03	  2.30	28.0
20.03	  1.46	21.0
21.03	  0.77	20.0
22.03	  1.15	20.0
23.03	  0.66	21.0
24.03	 -3.81	17.0
25.03	 -2.78	17.0
26.03	 -2.78	30.0
27.03	 -3.25	24.0
28.03	 -2.99	26.0
29.03	  0.22	21.0
30.03	  1.89	20.0
31.03	 -1.14	19.0
01.04	 -1.07	20.0
02.04	 -1.06	25.0
03.04	  0.18	25.0
04.04	  0.83	23.0
05.04	  0.24	23.0
06.04	  0.95	21.0
07.04	  1.76	20.0
08.04	  5.06	13.0
09.04	  2.22	 5.0
10.04	  1.99	 2.0
11.04	  1.77	 0.0
12.04	  2.74	 0.0
13.04	  3.33	 0.0
14.04	  6.85	 0.0
15.04	  9.21	 0.0
16.04	 14.76	 0.0
17.04	 14.08	 0.0
18.04	  8.35	 0.0
19.04	  8.44	 0.0
20.04	 12.10	 0.0
21.04	 13.72	 0.0
22.04	 13.84	 0.0
23.04	 13.46	 0.0
24.04	 13.56	 0.0
25.04	 15.75	 0.0
26.04	 16.68	 0.0
27.04	 14.83	 0.0
28.04	 17.55	 0.0
29.04	 20.91	 0.0
30.04	 10.88	 0.0
01.05	 11.46	 0.0
02.05	  9.25	 0.0
03.05	 12.66	 0.0
04.05	 13.94	 0.0
05.05	 16.89	 0.0
06.05	 18.09	 0.0
07.05	 18.30	 0.0
08.05	 18.77	 0.0
09.05	 17.03	 0.0
10.05	 14.39	 0.0
11.05	 15.41	 0.0
12.05	 20.59	 0.0
13.05	 13.91	 0.0
14.05	 10.62	 0.0
15.05	 15.24	 0.0
16.05	 20.43	 0.0
17.05	 19.16	 0.0
18.05	 18.00	 0.0
19.05	 20.32	 0.0
20.05	 20.44	 0.0
21.05	 20.15	 0.0
22.05	 20.51	 0.0
23.05	 17.46	 0.0
24.05	 12.28	 0.0
25.05	 11.57	 0.0
26.05	 13.20	 0.0
27.05	 14.87	 0.0
28.05	 15.34	 0.0
29.05	 16.34	 0.0
30.05	 17.75	 0.0
31.05	 12.64	 0.0
01.06	 12.06	 0.0
02.06	 13.10	 0.0
03.06	 10.59	 0.0
04.06	 10.57	 0.0
05.06	 13.76	 0.0
06.06	 19.38	 0.0
07.06	 17.49	 0.0
08.06	 13.93	 0.0
09.06	 15.71	 0.0
10.06	 19.20	 0.0
11.06	 20.10	 0.0
12.06	 23.66	 0.0
13.06	 18.80	 0.0
14.06	 20.74	 0.0
15.06	 20.64	 0.0
16.06	 18.94	 0.0
17.06	 19.70	 0.0
18.06	 19.44	 0.0
19.06	 18.81	 0.0
20.06	 20.71	 0.0
21.06	 19.35	 0.0
22.06	 18.95	 0.0
23.06	 18.75	 0.0
24.06	 17.60	 0.0
25.06	 18.76	 0.0
26.06	 20.02	 0.0
27.06	 15.95	 0.0
28.06	 15.34	 0.0
29.06	 15.12	 0.0
30.06	 16.31	 0.0
01.07	 17.89	 0.0
02.07	 20.86	 0.0
03.07	 22.63	 0.0
04.07	 23.26	 0.0
05.07	 23.60	 0.0
06.07	 24.05	 0.0
07.07	 23.59	 0.0
08.07	 22.04	 0.0
09.07	 22.29	 0.0
10.07	 23.44	 0.0
11.07	 24.47	 0.0
12.07	 23.56	 0.0
13.07	 22.24	 0.0
14.07	 18.81	 0.0
15.07	 21.24	 0.0
16.07	 20.33	 0.0
17.07	 18.34	 0.0
18.07	 16.22	 0.0
19.07	 14.44	 0.0
20.07	 17.09	 0.0
21.07	 15.39	 0.0
22.07	 17.69	 0.0
23.07	 19.22	 0.0
24.07	 18.76	 0.0
25.07	 21.04	 0.0
26.07	 23.01	 0.0
27.07	 24.04	 0.0
28.07	 22.90	 0.0
29.07	 22.14	 0.0
30.07	 21.79	 0.0
31.07	 22.64	 0.0
01.08	 23.94	 0.0
02.08	 22.94	 0.0
03.08	 23.01	 0.0
04.08	 22.46	 0.0
05.08	 24.17	 0.0
06.08	 23.71	 0.0
07.08	 27.00	 0.0
08.08	 23.35	 0.0
09.08	 19.64	 0.0
10.08	 18.28	 0.0
11.08	 16.16	 0.0
12.08	 17.21	 0.0
13.08	 19.04	 0.0
14.08	 20.68	 0.0
15.08	 19.96	 0.0
16.08	 17.76	 0.0
17.08	 17.22	 0.0
18.08	 16.18	 0.0
19.08	 17.77	 0.0
20.08	 16.90	 0.0
21.08	 10.89	 0.0
22.08	 12.76	 0.0
23.08	 14.35	 0.0
24.08	 16.06	 0.0
25.08	 15.78	 0.0
26.08	 16.40	 0.0
27.08	 15.41	 0.0
28.08	 15.86	 0.0
29.08	 16.07	 0.0
30.08	 13.53	 0.0
31.08	 11.12	 0.0
01.09	 10.45	 0.0
02.09	  9.56	 0.0
03.09	 14.47	 0.0
04.09	 14.27	 0.0
05.09	 13.83	 0.0
06.09	 15.79	 0.0
07.09	 12.85	 0.0
08.09	 11.79	 0.0
09.09	  9.24	 0.0
10.09	  9.69	 0.0
11.09	 10.70	 0.0
12.09	 15.84	 0.0
13.09	 15.48	 0.0
14.09	 15.49	 0.0
15.09	 16.14	 0.0
16.09	 14.38	 0.0
17.09	 12.14	 0.0
18.09	 12.15	 0.0
19.09	 14.21	 0.0
20.09	 14.46	 0.0
21.09	 13.84	 0.0
22.09	 14.81	 0.0
23.09	 13.20	 0.0
24.09	  9.17	 0.0
25.09	  9.56	 0.0
26.09	  9.60	 0.0
27.09	 12.50	 0.0
28.09	 19.36	 0.0
29.09	 12.22	 0.0
30.09	  8.73	 0.0
01.10	 10.51	 0.0
02.10	  9.45	 0.0
03.10	 11.35	 0.0
04.10	 12.30	 0.0
05.10	 13.44	 0.0
06.10	 10.55	 0.0
07.10	 12.29	 0.0
08.10	  7.12	 0.0
09.10	  5.75	 0.0
10.10	  5.49	 0.0
11.10	  7.06	 0.0
12.10	  4.64	 0.0
13.10	  5.64	 0.0
14.10	  4.20	 0.0
15.10	  6.25	 0.0
16.10	  8.01	 0.0
17.10	 12.24	 0.0
18.10	 13.86	 0.0
19.10	 12.75	 0.0
20.10	 11.88	 0.0
21.10	 10.81	 0.0
22.10	  9.06	 0.0
23.10	  1.68	 0.0
24.10	  1.20	 0.0
25.10	  0.95	 0.0
26.10	  3.10	 0.0
27.10	  1.16	 0.0
28.10	  5.84	 0.0
29.10	  3.89	 0.0
30.10	 -0.45	 0.0
31.10	  2.27	 0.0
01.11	 -0.31	 0.0
02.11	  1.45	 0.0
03.11	  2.90	 0.0
04.11	  7.39	 0.0
05.11	  8.84	 0.0
06.11	  8.53	 0.0
07.11	  4.41	 0.0
08.11	  2.21	 0.0
09.11	  4.81	 0.0
10.11	 -0.79	 0.0
11.11	 -2.93	 0.0
12.11	  2.51	 0.0
13.11	  3.76	 0.0
14.11	  1.70	 0.0
15.11	  3.31	 0.0
16.11	  3.44	 0.0
17.11	  3.33	 0.0
18.11	  0.74	 0.0
19.11	 -0.84	 0.0
20.11	  0.24	 0.0
21.11	  1.29	 0.0
22.11	  2.11	 0.0
23.11	 -0.06	 0.0
24.11	 -4.00	 0.0
25.11	 -5.91	 0.0
26.11	 -1.91	 3.0
27.11	 -0.74	 3.0
28.11	 -3.13	 3.0
29.11	 -1.04	10.0
30.11	  3.26	 0.0
01.12	  4.39	 0.0
02.12	 -0.10	 0.0
03.12	 -3.21	 2.0
04.12	 -0.49	 8.0
05.12	 -3.35	 5.0
06.12	 -3.26	 5.0
07.12	 -3.95	 5.0
08.12	 -2.97	 9.0
09.12	 -5.59	 8.0
10.12	 -4.97	 8.0
11.12	 -3.34	 8.0
12.12	-10.68	 8.0
13.12	 -6.76	 8.0
14.12	-10.64	 8.0
15.12	-14.48	 8.0
17.12	-16.81	 8.0
18.12	-16.36	 8.0
19.12	-17.89	 8.0
20.12	-17.70	 8.0
21.12	-17.55	 8.0
22.12	-14.50	 8.0
23.12	-19.80	 8.0
24.12	-20.94	 8.0
25.12	-14.61	 8.0
26.12	 -2.99	 8.0
27.12	  0.45	 7.0
28.12	  0.71	13.0
29.12	 -1.78	10.0
30.12	 -6.62	10.0
31.12	 -8.89	 0.0
