01.01	  0.34	 2.0
02.01	 -3.61	 2.0
03.01	 -2.80	 3.0
04.01	 -2.91	 3.0
05.01	 -0.28	 3.0
06.01	  0.79	 2.0
07.01	  0.29	 2.0
08.01	  0.90	 2.0
09.01	  1.10	 1.0
10.01	  2.09	 1.0
11.01	  1.60
12.01	  0.55
13.01	 -2.20
14.01	 -9.19	 2.0
15.01	 -9.78	 2.0
16.01	 -7.34	11.0
17.01	-13.12	15.0
18.01	-17.61	15.0
19.01	-19.31	15.0
20.01	-19.51
21.01	-20.20	15.0
22.01	-19.76	15.0
23.01	-17.54	15.0
24.01	-15.90	15.0
25.01	-16.89	15.0
26.01	-15.56	14.0
27.01	-19.49	14.0
28.01	-16.73	14.0
29.01	-22.19	14.0
30.01	-23.97	14.0
31.01	-23.30	14.0
01.02	-19.39	13.0
02.02	-13.81	13.0
03.02	-10.31	13.0
04.02	 -5.51	13.0
05.02	 -5.01	13.0
06.02	 -7.62	13.0
07.02	 -6.21	13.0
08.02	 -1.64	14.0
09.02	 -1.05
10.02	 -4.05	15.0
11.02	 -3.15	15.0
12.02	  0.62	15.0
13.02	  0.91	13.0
14.02	  2.73	 9.0
15.02	  1.67
16.02	  1.04	 2.0
17.02	  0.38	 2.0
18.02	  0.32	 4.0
19.02	  0.71	 4.0
20.02	 -1.07
21.02	 -0.81	 8.0
22.02	 -0.99	 7.0
23.02	  1.36	 5.0
24.02	 -0.36	 5.0
25.02	 -3.51	 3.0
26.02	 -5.91	 3.0
27.02	 -4.60	 3.0
28.02	 -4.48
01.03	 -4.64	 3.0
02.03	 -2.68	 4.0
03.03	 -0.90	 4.0
04.03	 -3.24	 4.0
05.03	 -0.79	 9.0
06.03	 -0.10	 9.0
07.03	 -0.78	 7.0
08.03	  2.51	 3.0
09.03	  2.41	 3.0
10.03	  5.44
11.03	  5.01
12.03	  3.35
13.03	  3.82
14.03	  5.84
15.03	  4.42
16.03	  1.67
17.03	 -1.64	 1.0
18.03	 -3.19	 1.0
19.03	 -3.73	 1.0
20.03	 -3.47	 2.0
21.03	 -3.97	 8.0
22.03	  8.01	 7.0
23.03	 10.20
24.03	 10.33
25.03	  9.76
26.03	  5.73
27.03	  3.04
28.03	  0.59
29.03	 -2.16
30.03	  1.30
31.03	  2.32
01.04	 -1.96
02.04	 -1.82
03.04	  1.16	 3.0
04.04	  3.20
05.04	 -0.82	 1.0
06.04	  3.89
07.04	  6.89
08.04	  4.00
09.04	  1.29
10.04	  0.32
11.04	  1.53
12.04	  3.52
13.04	  6.51
14.04	  3.91
15.04	  8.60
16.04	  9.59
17.04	  7.14
18.04	  8.08
19.04	 10.34
20.04	 12.76
21.04	 16.38
22.04	 16.69
23.04	 14.12
24.04	  6.20
25.04	  7.44
26.04	  8.72
27.04	  8.60
28.04	 14.11
29.04	 15.79
30.04	 14.57
01.05	 16.31
02.05	 14.95
03.05	  6.53
04.05	  7.03
05.05	  8.40
06.05	  5.29
07.05	  7.23
08.05	 14.03
09.05	 14.99
10.05	 10.85
11.05	 11.96
12.05	 16.48
13.05	 16.80
14.05	 15.00
15.05	 15.07
16.05	 16.50
17.05	 17.32
18.05	 21.65
19.05	 22.64
20.05	 21.61
21.05	 20.66
22.05	 21.34
23.05	 21.46
24.05	 21.74
25.05	 22.10
26.05	 22.32
27.05	 21.38
28.05	 17.39
29.05	 17.04
30.05	 18.49
31.05	 21.14
01.06	 20.10
02.06	 22.61
03.06	 22.43
04.06	 22.46
05.06	 23.68
06.06	 23.36
07.06	 22.69
08.06	 21.46
09.06	 17.94
10.06	 15.14
11.06	 15.19
12.06	 15.49
13.06	 13.99
14.06	 13.51
15.06	 14.90
16.06	 11.89
17.06	 12.49
18.06	 10.51
19.06	 11.71
20.06	 16.51
21.06	 15.35
22.06	 15.06
23.06	 13.51
24.06	 13.04
25.06	 13.46
26.06	 13.09
27.06	 11.10
28.06	 10.66
29.06	 13.33
30.06	 17.60
01.07	 22.67
02.07	 19.96
03.07	 17.15
04.07	 17.93
05.07	 18.10
06.07	 20.31
07.07	 20.81
08.07	 20.70
09.07	 20.30
10.07	 17.32
11.07	 13.72
12.07	 19.50
13.07	 21.14
14.07	 22.22
15.07	 22.54
16.07	 23.74
17.07	 23.54
18.07	 21.96
19.07	 19.97
20.07	 20.20
21.07	 20.99
22.07	 18.78
23.07	 18.97
24.07	 20.02
25.07	 19.64
26.07	 21.05
27.07	 20.27
28.07	 22.79
29.07	 24.04
30.07	 23.90
31.07	 24.16
01.08	 25.55
02.08	 25.86
03.08	 25.49
04.08	 22.75
05.08	 21.50
06.08	 20.51
07.08	 19.70
08.08	 18.57
09.08	 21.40
10.08	 22.55
11.08	 23.11
12.08	 24.80
13.08	 22.54
14.08	 21.55
15.08	 26.89
16.08	 19.44
17.08	 16.98
18.08	 17.46
19.08	 18.12
20.08	 19.56
21.08	 20.66
22.08	 18.33
23.08	 15.03
24.08	 16.16
25.08	 16.61
26.08	 14.30
27.08	 12.31
28.08	 13.71
29.08	 13.95
30.08	 12.69
31.08	 11.90
01.09	 13.32
02.09	 15.07
03.09	 11.78
04.09	 13.11
05.09	 13.55
06.09	 15.56
07.09	 16.61
08.09	 14.86
09.09	 16.32
10.09	 15.31
11.09	 16.94
12.09	 15.09
13.09	 15.21
14.09	 11.80
15.09	 10.09
16.09	  9.61
17.09	  8.78
18.09	  8.32
19.09	  8.74
20.09	 10.34
21.09	 10.45
22.09	 10.72
23.09	 12.62
24.09	 11.39
25.09	  7.94
26.09	  7.40
27.09	  8.90
28.09	 10.04
29.09	  9.16
30.09	 11.23
01.10	  6.11
02.10	  5.41
03.10	  5.49
04.10	  6.53
05.10	  2.95
06.10	  3.26
07.10	  3.32
08.10	  1.90
09.10	  5.62
10.10	 12.21
11.10	 12.80
12.10	 14.39
13.10	 13.64
14.10	  9.34
15.10	 13.43
16.10	 11.68
17.10	  3.40
18.10	 -1.01
19.10	 -1.89
20.10	  2.16	 1.0
21.10	  7.38
22.10	 -3.75
23.10	 -7.20
24.10	 -5.29
25.10	 -6.91
26.10	 -3.51
27.10	 -0.24
28.10	  2.71
29.10	  4.78
30.10	  3.33
31.10	  1.44
01.11	  0.85
02.11	 -1.35
03.11	 -2.09
04.11	  1.60
05.11	  2.40
06.11	  3.95
07.11	  4.35
08.11	  7.51
09.11	  5.41
10.11	  5.15
11.11	  4.94
12.11	  5.00
13.11	  4.25
14.11	  3.12
15.11	 -1.31
16.11	 -2.31
17.11	 -4.25
18.11	 -6.15
19.11	 -9.39
20.11	 -6.25
21.11	 -6.86
22.11	 -6.50
23.11	 -5.94
24.11	 -3.71
25.11	 -6.86
26.11	-11.41
27.11	-12.49
28.11	 -8.25
29.11	 -9.17
30.11	-11.86
01.12	 -9.09
02.12	 -7.05
03.12	 -9.99
04.12	 -7.85	 1.0
05.12	 -3.11	 1.0
06.12	 -0.81
07.12	 -4.53
08.12	 -5.32
09.12	 -1.76
10.12	 -1.01
11.12	 -1.66
12.12	 -1.99	 1.0
13.12	  0.60	 4.0
14.12	  1.15	 1.0
15.12	 -1.95	 1.0
16.12	  0.86	 1.0
17.12	  1.40
18.12	  0.89
19.12	 -0.25
20.12	  2.65
21.12	  1.12
22.12	 -1.41	 1.0
23.12	  0.29	 2.0
24.12	 -3.90	 2.0
25.12	 -5.30	 6.0
26.12	-10.53	 9.0
27.12	-12.59	 9.0
28.12	-12.26	 9.0
29.12	-14.80	 9.0
30.12	-15.51	 9.0
31.12	-15.52	 9.0
