06.02	 -2.60
07.02	 -0.43	 1.0
08.02	 -0.17	 2.0
09.02	 -0.05	 1.0
10.02	  0.22	 0.0
11.02	  0.47	 1.0
12.02	  0.10	 1.0
13.02	 -0.10	 3.0
14.02	 -2.20	 1.0
15.02	 -7.10	 1.0
16.02	 -5.77	 1.0
17.02	 -1.93	 1.0
18.02	 -2.78	 7.0
19.02	 -2.07	 4.0
20.02	 -2.23	 1.0
21.02	 -2.90
22.02	 -2.27
23.02	 -9.62	 3.0
24.02	 -2.45	 2.0
25.02	 -1.47
26.02	 -6.60	18.0
27.02	 -4.70
28.02	 -1.70
01.03	 -1.95	 0.0
02.03	 -1.70	 0.0
03.03	 -7.35	 7.0
04.03	 -7.00	 0.0
05.03	 -2.73	 0.0
06.03	  1.23	 3.0
07.03	  2.67	 2.0
08.03	 -6.55	 0.0
09.03	 -9.97	 0.0
10.03	 -2.37	 1.0
11.03	 -2.10	 0.0
12.03	 -1.00	 0.0
13.03	 -0.55	 0.0
14.03	 -0.25	 0.0
15.03	 -3.03	 0.0
16.03	-10.83	 0.0
17.03	 -5.93	 0.0
18.03	 -5.15	 0.0
19.03	 -6.03	 0.0
20.03	  0.53	 0.0
21.03	 -0.45	 1.0
22.03	 -0.20	 0.0
23.03	 -1.50	 0.0
24.03	 -2.38	 0.0
25.03	 -5.93	 0.0
26.03	 -8.25
27.03	 -5.95	 0.0
28.03	 -1.70	 0.0
29.03	 -1.43	 0.0
30.03	 -2.73	 0.0
31.03	 -5.72	 0.0
01.04	 -4.20	 0.0
02.04	 -4.30	 0.0
03.04	-14.10	 0.0
04.04	-14.50	 0.0
05.04	-10.77	 0.0
06.04	 -9.38	 0.0
07.04	 -5.50	 0.0
08.04	 -5.13	 0.0
09.04	 -5.67	 0.0
10.04	 -7.50	 0.0
11.04	 -6.30	 0.0
12.04	 -5.67	 0.0
13.04	 -6.37
14.04	 -4.25	 0.0
15.04	 -1.68	 0.0
16.04	  1.45	 0.0
17.04	  7.50
18.04	  5.47	 0.0
19.04	  3.33	 0.0
