01.01	-15.25	 3.0
02.01	-17.46	 4.0
03.01	-17.21	 4.0
04.01	-14.83	 6.0
05.01	-16.24	 7.0
06.01	-14.36	 7.0
07.01	-11.11	 9.0
08.01	 -8.15	 9.0
09.01	 -9.95	17.0
10.01	-14.72	21.0
11.01	-19.09	20.0
12.01	-12.06	20.0
13.01	 -2.04	19.0
14.01	 -3.79	19.0
15.01	 -8.19	19.0
16.01	 -7.16	19.0
17.01	 -5.41	22.0
18.01	-10.11	22.0
19.01	 -7.91	35.0
20.01	 -8.21	41.0
21.01	-12.33	41.0
22.01	-11.54	42.0
23.01	-14.95	45.0
24.01	-19.14	45.0
25.01	-16.55	41.0
26.01	-11.40	40.0
27.01	 -6.67	38.0
28.01	 -0.41	39.0
29.01	  1.98	30.0
30.01	  1.36	29.0
31.01	  1.59	26.0
01.02	  0.23	29.0
02.02	 -0.43	27.0
03.02	  2.33	25.0
04.02	  1.99	23.0
05.02	 -1.07	20.0
06.02	 -1.29	20.0
07.02	 -2.84	20.0
08.02	 -2.79	20.0
09.02	 -2.58	20.0
10.02	  0.86	20.0
11.02	 -0.56	19.0
12.02	 -0.25	20.0
13.02	  0.24	23.0
14.02	 -1.71	22.0
15.02	  2.17	18.0
16.02	  1.95	17.0
17.02	 -2.38	16.0
18.02	 -4.29	16.0
19.02	 -5.56	16.0
20.02	 -5.06	13.0
21.02	 -6.39	13.0
22.02	 -2.92	14.0
23.02	  2.27	18.0
24.02	  0.34	18.0
25.02	 -0.13
26.02	  0.00	21.0
27.02	  0.20	23.0
28.02	 -2.88	19.0
29.02	 -0.74	20.0
01.03	 -4.49	24.0
02.03	  1.85	32.0
03.03	  0.33	22.0
04.03	  0.05
05.03	  1.01	20.0
06.03	  1.47	20.0
07.03	 -0.12	19.0
08.03	  1.88	19.0
09.03	  3.40	17.0
10.03	  2.53	15.0
11.03	  2.02	11.0
12.03	  1.09	10.0
13.03	  0.05	12.0
14.03	 -1.20	10.0
15.03	 -3.85	 9.0
16.03	 -1.77	 8.0
17.03	  1.94	 7.0
18.03	 -0.76	 6.0
19.03	 -7.20	 8.0
20.03	 -7.24	10.0
21.03	 -7.09	 9.0
22.03	 -2.92	11.0
23.03	 -2.74	20.0
24.03	 -4.16	18.0
25.03	 -2.69	20.0
26.03	  0.61	20.0
27.03	  2.07	16.0
28.03	  1.89	12.0
29.03	 -4.05	 8.0
