01.01	 -6.03	24.0
02.01	 -5.25	23.0
03.01	-12.17	23.0
04.01	-17.65	24.0
05.01	-14.44	25.0
06.01	-16.89	25.0
07.01	 -9.14	25.0
08.01	 -1.92	25.0
09.01	 -1.99	25.0
10.01	 -2.61	24.0
11.01	 -4.16	25.0
12.01	 -2.77	24.0
13.01	 -1.67	24.0
14.01	 -1.94	24.0
15.01	 -2.85	24.0
16.01	 -5.04	23.0
17.01	-23.74	23.0
18.01	-30.49	23.0
19.01	-32.10	23.0
20.01	-25.89	23.0
21.01	-23.45	23.0
22.01	-23.81	23.0
23.01	-20.27	23.0
24.01	-18.44	23.0
25.01	-13.82	23.0
26.01	-10.36	23.0
27.01	 -9.99	23.0
28.01	 -4.88	23.0
29.01	 -7.14	24.0
30.01	 -4.20	25.0
31.01	 -8.51	29.0
01.02	-14.46	29.0
02.02	-18.85	29.0
03.02	-24.30	29.0
04.02	-23.97	29.0
05.02	-21.16	30.0
06.02	-26.02	30.0
07.02	-27.76	31.0
08.02	-28.48	31.0
09.02	-25.49	31.0
10.02	-22.96	31.0
11.02	-16.21	31.0
12.02	-11.45	31.0
13.02	-15.34	32.0
14.02	-18.25	32.0
15.02	-20.51	32.0
16.02	-18.36	32.0
17.02	-12.05	37.0
18.02	-17.04	37.0
19.02	-10.69	37.0
20.02	 -4.99	38.0
21.02	 -3.16	38.0
22.02	  0.34	37.0
23.02	 -0.01	35.0
24.02	 -3.24	40.0
25.02	 -6.29	39.0
26.02	 -7.12	39.0
27.02	 -5.91	40.0
28.02	 -7.01	40.0
01.03	 -9.14	41.0
02.03	 -6.31	43.0
03.03	 -7.84	45.0
04.03	-11.30	45.0
05.03	 -7.38	48.0
06.03	 -7.94	51.0
07.03	-12.10	50.0
08.03	-11.70	50.0
09.03	-12.45	48.0
10.03	-13.36	48.0
11.03	 -6.26	48.0
12.03	 -1.62	53.0
13.03	  0.51	53.0
14.03	 -1.43	52.0
15.03	 -2.30	50.0
16.03	 -1.88	48.0
17.03	 -3.20	48.0
18.03	 -3.35	47.0
19.03	 -1.58	43.0
20.03	 -1.91	47.0
21.03	 -4.19	46.0
22.03	 -4.88	45.0
23.03	 -8.01	44.0
24.03	 -5.00	46.0
25.03	 -4.92	46.0
26.03	 -1.65	46.0
27.03	 -1.90	46.0
28.03	 -3.50	45.0
29.03	  1.98	40.0
30.03	  2.49	35.0
31.03	  3.25	30.0
01.04	  3.16	27.0
02.04	  3.01	23.0
03.04	  2.82	17.0
04.04	  2.34	10.0
05.04	  1.96	 3.0
06.04	  1.76	 1.0
07.04	  2.46	 1.0
08.04	  1.30	 2.0
09.04	  2.41
10.04	  4.75
11.04	  6.71
12.04	  6.00
13.04	  2.49
14.04	  8.34
15.04	  6.04
16.04	  3.67
17.04	  7.70
18.04	 12.57
19.04	 11.67
20.04	 11.89
21.04	 10.29
22.04	  8.17
23.04	  5.20
24.04	  5.01
25.04	  5.24
26.04	  7.00
27.04	  8.70
28.04	  6.64
29.04	  5.81
30.04	  6.06
01.05	  7.44
02.05	 10.41
03.05	 12.09
04.05	 14.65
05.05	 14.93
06.05	 15.29
07.05	 13.35
08.05	 10.55
09.05	  8.69
10.05	 11.43
11.05	  9.05
12.05	 11.61
13.05	 11.75
14.05	 15.09
15.05	 14.50
16.05	 10.39
17.05	  8.15
18.05	  9.54
19.05	 10.30
20.05	 13.90
21.05	 15.00
22.05	 13.55
23.05	 14.97
24.05	 17.40
25.05	 14.79
26.05	 13.46
27.05	 10.79
28.05	 10.51
29.05	 10.16
30.05	 10.91
31.05	 10.72
01.06	 16.34
02.06	 14.68
03.06	 15.90
04.06	 21.32
05.06	 22.94
06.06	 14.02
07.06	 12.70
08.06	 12.87
09.06	 11.21
10.06	 14.27
11.06	 13.90
12.06	 12.78
13.06	 14.43
14.06	 18.04
15.06	 15.44
16.06	 15.70
17.06	 16.79
18.06	 19.00
19.06	 20.66
20.06	 21.34
21.06	 21.56
22.06	 22.04
23.06	 23.29
24.06	 23.41
25.06	 21.94
26.06	 21.76
27.06	 21.28
28.06	 21.62
29.06	 22.49
30.06	 20.15
01.07	 12.44
02.07	 13.46
03.07	 15.14
04.07	 14.70
05.07	 17.49
06.07	 18.56
07.07	 17.85
08.07	 20.15
09.07	 20.95
10.07	 23.18
11.07	 23.11
12.07	 23.13
13.07	 23.29
14.07	 22.72
15.07	 21.24
16.07	 20.95
17.07	 16.10
18.07	 16.09
19.07	 16.01
20.07	 15.29
21.07	 14.12
22.07	 15.44
23.07	 16.17
24.07	 16.48
25.07	 15.99
26.07	 19.37
27.07	 16.35
28.07	 11.68
29.07	 12.24
30.07	 13.51
31.07	 13.14
01.08	 13.97
02.08	 15.19
03.08	 16.75
04.08	 18.78
05.08	 19.82
06.08	 17.47
07.08	 15.99
08.08	 17.49
09.08	 13.75
10.08	 14.46
11.08	 14.74
12.08	 16.98
13.08	 18.84
14.08	 21.18
15.08	 21.84
16.08	 19.74
17.08	 18.60
18.08	 19.11
19.08	 21.04
20.08	 19.55
21.08	 19.99
22.08	 17.60
23.08	 17.00
24.08	 17.19
25.08	 14.99
26.08	 18.29
27.08	 18.89
28.08	 18.15
29.08	 17.39
30.08	 16.38
31.08	 13.12
01.09	 14.44
02.09	 15.62
03.09	 15.99
04.09	 16.90
05.09	 14.03
06.09	 13.66
07.09	 15.46
08.09	 15.91
09.09	 14.97
10.09	 10.09
11.09	 12.00
12.09	 13.16
13.09	 15.22
14.09	 15.03
15.09	 10.38
16.09	  6.92
17.09	  8.80
18.09	 10.03
19.09	 11.02
20.09	 12.44
21.09	 12.72
22.09	 12.91
23.09	 12.91
24.09	 13.61
25.09	 13.98
26.09	 12.16
27.09	  8.92
28.09	 10.99
29.09	 10.84
30.09	 12.16
01.10	 10.51
02.10	  9.91
03.10	  9.81
04.10	 11.76
05.10	 15.39
06.10	 11.66
07.10	  9.12
08.10	  9.65
09.10	 10.01
10.10	  9.86
11.10	  7.16
12.10	  4.65
13.10	  8.92
14.10	  6.20
15.10	  2.74
16.10	 -1.36
17.10	 -0.42
18.10	  1.77
19.10	  3.85
20.10	  4.17
21.10	  4.52
22.10	  9.33
23.10	 11.03
24.10	 11.03
25.10	 11.97
26.10	  9.20
27.10	  5.42
28.10	  8.60
29.10	  3.13
30.10	  1.26
31.10	 -1.21	 2.0
01.11	 -0.09	 1.0
02.11	  1.79
03.11	  1.18
04.11	 -3.02
05.11	 -4.03
06.11	 -4.21	 1.0
07.11	 -3.41	 1.0
08.11	  1.05	 1.0
09.11	  2.53
10.11	  4.01
11.11	 -2.98	 3.0
12.11	 -3.12	 4.0
13.11	  0.37	 4.0
14.11	 -0.26
15.11	 -0.24
16.11	  0.82
17.11	 -1.00
18.11	 -1.84
19.11	 -2.25
20.11	 -1.12
21.11	  0.88
22.11	  0.69
23.11	 -0.84
24.11	  1.41
25.11	  4.58
26.11	  5.29
27.11	  5.64
28.11	  4.85
29.11	  3.35
30.11	  3.50
01.12	  3.94
02.12	  3.95
03.12	  3.11
04.12	  2.60
05.12	  0.36
06.12	  2.95
07.12	  4.08
08.12	  3.65
09.12	  5.70
10.12	  3.57
11.12	  2.52
12.12	  2.54
13.12	  2.05
14.12	  1.60
15.12	  4.64
16.12	  7.19
17.12	  2.71
18.12	  0.35
19.12	 -1.84
20.12	 -5.50	 1.0
21.12	 -6.30	 1.0
22.12	 -0.46	 1.0
23.12	  0.50	 1.0
24.12	 -0.26	 1.0
25.12	 -5.05	 2.0
26.12	 -8.70	 3.0
27.12	 -4.22	 4.0
28.12	  1.82	 4.0
29.12	 -4.48	 4.0
30.12	 -3.43	 4.0
31.12	 -2.10
