01.01	 -6.41	24.0
02.01	 -2.86	25.0
03.01	 -6.40	26.0
04.01	-17.48	26.0
05.01	 -9.07	26.0
06.01	 -8.32	26.0
07.01	-12.65	26.0
08.01	 -8.28	26.0
09.01	 -3.01	26.0
10.01	 -1.41	26.0
11.01	 -1.69	27.0
12.01	 -2.71	28.0
13.01	 -4.71	28.0
14.01	 -1.32	28.0
15.01	 -5.05	28.0
16.01	 -9.37	31.0
17.01	-15.74	31.0
18.01	-15.76	31.0
19.01	-18.68	31.0
20.01	-12.06	31.0
21.01	-10.05	33.0
22.01	 -7.40	37.0
23.01	 -7.16	37.0
24.01	 -7.79	37.0
25.01	 -7.68	38.0
26.01	-13.37	39.0
27.01	-14.11	39.0
28.01	-10.76	39.0
29.01	 -6.65	39.0
30.01	 -6.19	39.0
31.01	 -5.66	39.0
01.02	-10.01	39.0
02.02	 -4.67	38.0
03.02	 -1.76	37.0
04.02	 -0.93	37.0
05.02	 -0.50	38.0
06.02	 -0.80	39.0
07.02	 -1.70	38.0
08.02	 -1.59	37.0
09.02	 -1.07	37.0
10.02	 -8.51	37.0
11.02	-13.32	37.0
12.02	-11.99	37.0
13.02	-14.14	39.0
14.02	-12.26	41.0
15.02	-18.08	41.0
16.02	-19.07	41.0
17.02	-19.89	40.0
18.02	-22.04	40.0
19.02	-23.89	40.0
20.02	-16.26	40.0
21.02	-19.29	40.0
22.02	-19.68	40.0
23.02	-17.45	40.0
24.02	-16.52	40.0
25.02	-16.00	39.0
26.02	-16.35	39.0
27.02	-13.35	39.0
28.02	-14.39	38.0
01.03	-14.48	37.0
02.03	-12.99	37.0
03.03	 -5.61	38.0
04.03	 -3.99	38.0
05.03	 -2.54	38.0
06.03	 -3.29	38.0
07.03	 -5.93	39.0
08.03	 -8.11	39.0
09.03	 -4.95	38.0
10.03	 -5.95	37.0
11.03	 -9.80	37.0
12.03	 -4.42	37.0
13.03	 -0.51	37.0
14.03	  1.50	34.0
15.03	  4.53	31.0
16.03	 -1.10	28.0
17.03	 -2.69	23.0
18.03	 -1.15	23.0
19.03	 -0.76	23.0
20.03	  0.40	24.0
21.03	 -0.01	24.0
22.03	 -1.30	20.0
23.03	  1.76	20.0
24.03	 -0.38	17.0
25.03	 -4.10	17.0
26.03	 -5.54	18.0
27.03	 -5.15	17.0
28.03	 -2.71	17.0
29.03	  0.14	17.0
30.03	 -3.17	17.0
31.03	 -1.23	16.0
01.04	 -2.86	12.0
02.04	  2.89	12.0
03.04	  4.81	 7.0
04.04	  2.95
05.04	  3.62
06.04	  2.24
07.04	  3.67
08.04	  3.30
09.04	  1.09
10.04	  1.82
11.04	  2.31
12.04	  0.30
13.04	  4.04	 2.0
14.04	  3.13
15.04	  3.44
16.04	  5.50
17.04	  4.69
18.04	  9.00
19.04	  4.48
20.04	  2.13
21.04	  5.36
22.04	 10.72
23.04	 11.80
24.04	 12.05
25.04	 12.96
26.04	 13.34
27.04	 12.64
28.04	 12.24
29.04	 12.32
30.04	 11.40
01.05	 11.21
02.05	 11.34
03.05	 17.00
04.05	 17.36
05.05	 16.09
06.05	 14.98
07.05	 16.43
08.05	 15.93
09.05	 14.54
10.05	 13.31
11.05	 14.76
12.05	 13.95
13.05	 13.12
14.05	 10.44
15.05	  7.51
16.05	  9.19
17.05	 10.27
18.05	 15.24
19.05	 15.65
20.05	 16.25
21.05	 18.52
22.05	 18.96
23.05	 19.36
24.05	 18.29
25.05	 16.75
26.05	 12.28
27.05	 13.21
28.05	 17.19
29.05	 20.71
30.05	 21.49
31.05	 19.96
01.06	 20.55
02.06	 20.66
03.06	 20.93
04.06	 16.76
05.06	 18.06
06.06	 19.70
07.06	 16.49
08.06	 16.88
09.06	 17.96
10.06	 18.44
11.06	 19.74
12.06	 19.07
13.06	 18.91
14.06	 20.13
15.06	 18.54
16.06	 18.98
17.06	 15.96
18.06	 18.04
19.06	 21.06
20.06	 23.23
21.06	 16.46
22.06	 17.81
23.06	 18.82
24.06	 20.48
25.06	 20.29
26.06	 19.48
27.06	 22.20
28.06	 22.30
29.06	 22.81
30.06	 22.91
01.07	 24.03
02.07	 21.24
03.07	 21.48
04.07	 22.49
05.07	 20.59
06.07	 20.21
07.07	 21.88
08.07	 20.49
09.07	 19.86
10.07	 20.49
11.07	 22.09
12.07	 22.75
13.07	 23.53
14.07	 22.59
15.07	 24.40
16.07	 25.46
17.07	 22.99
18.07	 21.78
19.07	 23.24
20.07	 23.04
21.07	 22.41
22.07	 24.91
23.07	 24.42
24.07	 24.36
25.07	 24.01
26.07	 24.11
27.07	 26.09
28.07	 24.25
29.07	 22.30
30.07	 22.71
31.07	 17.87
01.08	 20.75
02.08	 16.62
03.08	 13.26
04.08	 13.85
05.08	 16.11
06.08	 18.66
07.08	 17.79
08.08	 20.04
09.08	 23.49
10.08	 19.36
11.08	 17.49
12.08	 19.10
13.08	 22.06
14.08	 23.80
15.08	 24.49
16.08	 23.48
17.08	 23.43
18.08	 20.49
19.08	 17.50
20.08	 16.80
21.08	 15.40
22.08	 16.19
23.08	 14.94
24.08	 14.71
25.08	 14.78
26.08	 15.84
27.08	 18.79
28.08	 17.76
29.08	 18.52
30.08	 20.06
31.08	 20.18
01.09	 18.89
02.09	 16.41
03.09	 13.84
04.09	 12.46
05.09	 12.09
06.09	 11.59
07.09	 12.01
08.09	 12.50
09.09	 12.49
10.09	 11.98
11.09	 11.96
12.09	 13.00
13.09	 11.60
14.09	 16.41
15.09	 15.21
16.09	 11.96
17.09	 10.74
18.09	 11.28
19.09	 10.34
20.09	 11.66
21.09	 13.96
22.09	 12.11
23.09	 14.27
24.09	 10.06
25.09	  7.74
26.09	  9.51
27.09	 10.50
28.09	 11.29
29.09	  8.26
30.09	  8.50
01.10	 10.81
02.10	  5.53
03.10	  6.11
04.10	  8.12
05.10	 11.74
06.10	  8.76
07.10	 12.35
08.10	 16.40
09.10	 11.94
10.10	 10.40
11.10	  8.59
12.10	  9.21
13.10	  4.89
14.10	  3.77
15.10	  2.80
16.10	  1.94
17.10	  2.94
18.10	  3.52
19.10	  3.98
20.10	  6.56
21.10	  5.85
22.10	  3.37
23.10	  2.61
24.10	  3.52
25.10	  1.52
26.10	  3.62
27.10	  4.05
28.10	  2.96
29.10	  1.77
30.10	  4.55
31.10	  6.08
01.11	  7.56
02.11	  5.79
03.11	  5.39
04.11	  5.86
05.11	 -0.51
06.11	 -6.96
07.11	 -6.76
08.11	 -0.75
09.11	  1.27	 1.0
10.11	 -0.87	 1.0
11.11	 -1.60	 1.0
12.11	  0.06	 4.0
13.11	 -0.48	 4.0
14.11	 -1.71	 4.0
15.11	 -1.79	 9.0
16.11	 -6.40	10.0
17.11	 -0.10	11.0
18.11	  2.10	 4.0
19.11	  1.01	 1.0
20.11	 -0.48	 1.0
21.11	 -6.36	 1.0
22.11	 -4.36	 2.0
23.11	 -8.96	 2.0
24.11	 -7.35	 2.0
25.11	 -1.77	 4.0
26.11	  0.10	 5.0
27.11	  2.06	 5.0
28.11	  2.36	 1.0
29.11	  1.33
30.11	 -0.61
01.12	 -2.49
02.12	 -2.45	 1.0
03.12	 -0.10	 3.0
04.12	  1.56	 1.0
05.12	  4.91
06.12	  4.08
07.12	 -0.94
08.12	 -2.35
09.12	 -1.31
10.12	 -0.39
11.12	 -0.30	 1.0
12.12	 -0.34	 1.0
13.12	 -0.64	 1.0
14.12	  1.09	 2.0
15.12	  1.45	 1.0
16.12	  1.51
17.12	  0.85
18.12	 -1.29
19.12	  1.74	 3.0
20.12	 -2.32	 2.0
21.12	 -1.85	 9.0
22.12	  0.41	21.0
23.12	 -3.59	18.0
24.12	 -4.59
25.12	 -7.03	17.0
26.12	 -2.62	17.0
27.12	  2.66	14.0
28.12	  1.05
29.12	 -3.16	 5.0
30.12	  0.64	 5.0
31.12	  0.35	 5.0
