01.01	 -0.47	 7.0
02.01	 -1.74	 7.0
03.01	 -2.62	 7.0
04.01	 -0.41	11.0
05.01	  0.89	 9.0
06.01	  1.57	 8.0
07.01	  1.65	 4.0
08.01	  0.26	 2.0
09.01	 -0.88	 9.0
10.01	 -3.10	17.0
11.01	 -3.22	17.0
12.01	 -3.77	17.0
13.01	 -0.50	18.0
14.01	 -2.09	16.0
15.01	 -4.50	14.0
16.01	 -5.65	15.0
17.01	 -7.04	16.0
18.01	 -8.03	16.0
19.01	-10.96	16.0
20.01	-10.65	16.0
21.01	-10.10	17.0
22.01	-13.98	18.0
23.01	-14.43	17.0
24.01	-16.15	16.0
25.01	-16.83	16.0
26.01	-15.31	16.0
27.01	-16.73	16.0
28.01	-15.48	16.0
29.01	-13.30	16.0
30.01	-15.54	16.0
31.01	-20.16	16.0
01.02	-23.44
02.02	-18.34	17.0
03.02	-23.12	18.0
04.02	-20.01	18.0
05.02	-13.75	18.0
06.02	-16.14
07.02	-19.61	18.0
08.02	-19.96	18.0
09.02	-18.36	18.0
10.02	-17.59	18.0
11.02	-19.93	18.0
12.02	-21.51	20.0
13.02	-23.35	20.0
14.02	-18.10	20.0
15.02	 -6.75	25.0
16.02	-11.51	25.0
17.02	-11.59	27.0
18.02	-12.95	28.0
19.02	-14.02	29.0
20.02	-13.99	28.0
21.02	 -6.56	28.0
22.02	 -4.05	28.0
23.02	 -2.16	26.0
24.02	  0.03	26.0
25.02	  0.14	30.0
26.02	 -0.64	28.0
27.02	 -2.14	31.0
28.02	 -4.31	31.0
29.02	 -5.62	31.0
01.03	 -4.09	30.0
02.03	 -5.00	30.0
03.03	 -9.24	29.0
04.03	 -3.01	29.0
05.03	 -5.01	29.0
06.03	 -7.09	29.0
07.03	 -8.96	29.0
08.03	-11.54	29.0
09.03	 -9.94	29.0
10.03	 -6.30	29.0
11.03	 -6.66	29.0
12.03	 -1.75	30.0
13.03	  0.69	33.0
14.03	 -1.29	36.0
15.03	 -5.51	37.0
16.03	 -8.00	37.0
17.03	 -3.30	34.0
18.03	  2.28	32.0
19.03	  2.30	28.0
20.03	  1.46	21.0
21.03	  0.77	20.0
22.03	  1.15	20.0
23.03	  0.66	21.0
24.03	 -3.81	17.0
25.03	 -2.78	17.0
26.03	 -2.78	30.0
27.03	 -3.25	24.0
28.03	 -2.99	26.0
29.03	  0.22	21.0
30.03	  1.89	20.0
31.03	 -1.14	19.0
01.04	 -1.07	20.0
02.04	 -1.06	25.0
03.04	  0.18	25.0
04.04	  0.83	23.0
05.04	  0.24	23.0
06.04	  0.95	21.0
07.04	  1.76	20.0
08.04	  5.06	13.0
09.04	  2.22	 5.0
10.04	  1.99	 2.0
11.04	  1.37
