01.02	-14.88
02.02	-18.58
03.02	-23.98
04.02	-21.38
05.02	-16.73
06.02	-15.50
07.02	-11.12
08.02	 -7.25
09.02	-13.00
10.02	-17.48
11.02	-23.73
12.02	-22.57
13.02	 -8.22
14.02	 -4.92
15.02	-18.83
16.02	-24.53
17.02	-10.50
18.02	 -9.40
19.02	 -4.65
20.02	 -8.68
21.02	-16.52
22.02	-14.03
23.02	-12.05
24.02	-13.93
25.02	 -6.55
26.02	 -8.47
27.02	 -9.20
28.02	-11.75
01.03	-14.60
02.03	-19.13
03.03	-15.90
04.03	-15.48
05.03	 -9.00
06.03	 -8.48
07.03	-14.12
08.03	-15.77
09.03	-12.50
10.03	 -5.80
11.03	 -7.03
12.03	 -2.27
13.03	 -4.83
14.03	 -7.53
15.03	 -0.70
16.03	 -6.92
17.03	 -9.28
18.03	 -3.83
19.03	 -5.53
20.03	 -2.37
21.03	-10.25
22.03	-13.32
23.03	-12.50	58.0
24.03	 -7.55	49.0
25.03	 -3.05	47.0
26.03	 -2.80	49.0
27.03	 -8.10	44.0
28.03	 -7.22	43.0
29.03	 -6.10	40.0
30.03	 -3.15	38.0
31.03	 -0.85	36.0
01.04	 -0.22	25.0
02.04	 -4.57	28.0
03.04	 -5.67	28.0
04.04	 -1.43	22.0
05.04	 -2.08
06.04	 -0.67	15.0
07.04	 -0.45	22.0
08.04	  0.07	16.0
09.04	  1.83	10.0
10.04	 -1.50	 7.0
11.04	 -4.38	 3.0
12.04	 -3.15	 2.0
13.04	  3.00	 1.0
14.04	  0.17	 0.0
15.04	  1.15	 0.0
16.04	 -2.25	 0.0
17.04	 -1.18	 0.0
18.04	 -1.93	 0.0
19.04	 -3.47	 0.0
20.04	 -1.53	 0.0
21.04	  1.02	 0.0
22.04	 -1.05	 0.0
23.04	 -0.40	 0.0
24.04	  4.03	 0.0
25.04	 -5.40	 0.0
26.04	 -7.40
27.04	 -7.97	 0.0
28.04	  0.50
29.04	  4.22	 0.0
30.04	  8.97	 0.0
01.05	  9.52	 0.0
02.05	  4.18	 0.0
03.05	  1.85	 0.0
04.05	  4.20	 0.0
05.05	  3.12	 0.0
06.05	  0.43	 0.0
07.05	  4.63	 0.0
08.05	  2.00	 0.0
09.05	  2.17	 0.0
10.05	  7.38	 0.0
11.05	 10.45	 0.0
12.05	 12.30	 0.0
13.05	 13.07	 0.0
14.05	 11.38	 0.0
15.05	  6.53	 0.0
16.05	  0.70	 0.0
17.05	  5.77	 0.0
18.05	  3.10	 0.0
19.05	  4.02	 0.0
20.05	  5.70	 0.0
21.05	 10.90	 0.0
22.05	 12.55	 0.0
23.05	 11.73	 0.0
24.05	 13.70	 0.0
25.05	 13.18	 0.0
26.05	  9.37
27.05	  9.98	 0.0
28.05	 13.30	 0.0
29.05	  6.10	 0.0
30.05	  2.67	 0.0
31.05	  6.42	 0.0
01.06	  9.67	 0.0
02.06	  4.03	 0.0
03.06	 -1.47	 0.0
04.06	  0.62	 0.0
05.06	  6.70	 0.0
06.06	 12.78	 0.0
07.06	 11.70	 0.0
08.06	 10.55	 0.0
09.06	  9.62	 0.0
10.06	 13.22	 0.0
11.06	  5.97	 0.0
12.06	  8.15	 0.0
13.06	  9.85	 0.0
14.06	  8.20	 0.0
15.06	  4.30	 0.0
