01.01	-12.36	16.0
02.01	 -9.39	15.0
03.01	-14.38	15.0
04.01	-19.21	15.0
05.01	-16.68	15.0
06.01	-17.12	15.0
07.01	-12.00	15.0
08.01	 -6.24	18.0
09.01	 -6.30	19.0
10.01	-12.94	19.0
11.01	-17.09	19.0
12.01	-17.40	18.0
13.01	-15.65	18.0
14.01	-10.80	18.0
15.01	-10.91	18.0
16.01	-13.16	19.0
17.01	-18.31	19.0
18.01	-23.25	19.0
19.01	-21.89	19.0
20.01	-19.51	19.0
21.01	-16.70	19.0
22.01	-20.24	19.0
23.01	-21.16	19.0
24.01	-22.73	19.0
25.01	-18.59	19.0
26.01	-23.76	19.0
27.01	-24.49	19.0
28.01	-19.80	19.0
29.01	-15.71	20.0
30.01	-12.75
31.01	-11.30	22.0
01.02	 -2.38	21.0
02.02	 -4.34	24.0
03.02	 -4.51	24.0
04.02	 -8.86	25.0
05.02	-13.90	25.0
06.02	-17.20	25.0
07.02	-17.52	25.0
08.02	-16.48	25.0
09.02	-10.50	26.0
10.02	-12.16	28.0
11.02	-12.49	29.0
12.02	-14.33	29.0
13.02	-13.74	26.0
14.02	-10.64	29.0
15.02	 -6.85	32.0
16.02	 -7.29	32.0
17.02	 -9.80	32.0
18.02	-13.19	32.0
19.02	 -2.64	33.0
20.02	 -0.41	34.0
21.02	 -8.69	35.0
22.02	 -9.39	40.0
23.02	 -7.81	42.0
24.02	 -0.90	42.0
25.02	  1.06	39.0
26.02	  0.70	37.0
27.02	 -3.49	32.0
28.02	 -4.92	32.0
01.03	 -1.60	32.0
02.03	  0.72	34.0
03.03	  0.41	33.0
04.03	 -2.40	32.0
05.03	 -4.41	32.0
06.03	 -7.90	32.0
07.03	 -5.70	33.0
08.03	 -8.00	33.0
09.03	 -8.00	33.0
10.03	 -4.25	33.0
11.03	  0.22	32.0
12.03	 -2.54	32.0
13.03	 -1.39	32.0
14.03	 -2.25	32.0
15.03	 -5.91	35.0
16.03	 -7.80	35.0
17.03	-10.05	35.0
18.03	-10.38	36.0
19.03	 -5.76	35.0
20.03	  3.61	36.0
21.03	  3.49	27.0
22.03	  0.89	21.0
23.03	  0.38	16.0
24.03	  0.16	12.0
25.03	 -0.57	11.0
26.03	  0.46	10.0
27.03	  3.50	 3.0
28.03	  3.90	 0.0
29.03	  3.06	 0.0
30.03	  4.51	 0.0
31.03	  5.11	 0.0
01.04	  7.06	 0.0
02.04	  7.22	 0.0
03.04	  6.21	 0.0
04.04	  7.16	 0.0
05.04	  7.97	 0.0
06.04	  8.11	 0.0
07.04	  9.24	 0.0
08.04	  8.70	 0.0
09.04	  6.22	 0.0
10.04	  4.96	 0.0
11.04	  7.39	 0.0
12.04	  6.84	 0.0
13.04	  6.63	 0.0
14.04	  7.08	 0.0
15.04	  9.80	 0.0
16.04	 10.17
17.04	  7.96	 0.0
18.04	  8.84	 0.0
19.04	 12.08	 0.0
20.04	 14.05	 0.0
21.04	 11.45	 0.0
22.04	 10.36	 0.0
23.04	  5.56	 0.0
24.04	  6.91	 0.0
25.04	  5.11	 0.0
26.04	  4.41	 0.0
27.04	  6.54	 0.0
28.04	  7.93	 0.0
29.04	  9.42	 0.0
30.04	 10.39	 0.0
01.05	 15.76	 0.0
02.05	 20.12	 0.0
03.05	 19.71	 0.0
04.05	 19.09	 0.0
05.05	 19.71	 0.0
06.05	 19.06	 0.0
07.05	 17.59	 0.0
08.05	 20.49	 0.0
09.05	 20.70	 0.0
10.05	 18.31	 0.0
11.05	 19.64	 0.0
12.05	 20.65	 0.0
13.05	 19.44	 0.0
14.05	 16.40	 0.0
15.05	 17.99	 0.0
16.05	 17.91	 0.0
17.05	 19.54	 0.0
18.05	 18.98	 0.0
19.05	 11.49	 0.0
20.05	 16.26	 0.0
21.05	 15.79	 0.0
22.05	 16.07	 0.0
23.05	 17.31	 0.0
24.05	 15.49	 0.0
25.05	 14.66	 0.0
26.05	 10.02	 0.0
27.05	 10.53	 0.0
28.05	 13.30	 0.0
29.05	 15.88	 0.0
30.05	 15.79	 0.0
31.05	 17.48	 0.0
01.06	 18.57	 0.0
02.06	 20.91	 0.0
03.06	 23.56	 0.0
04.06	 20.46	 0.0
05.06	 15.42	 0.0
06.06	 14.60	 0.0
07.06	 16.65	 0.0
08.06	 18.98	 0.0
09.06	 19.12	 0.0
10.06	 16.55	 0.0
11.06	 20.22	 0.0
12.06	 24.34	 0.0
13.06	 23.45	 0.0
14.06	 17.05	 0.0
15.06	 14.76	 0.0
16.06	 15.62	 0.0
17.06	 13.18	 0.0
18.06	 13.84	 0.0
19.06	 16.31	 0.0
20.06	 19.05	 0.0
21.06	 21.86	 0.0
22.06	 23.52	 0.0
23.06	 22.47	 0.0
24.06	 24.32	 0.0
25.06	 25.41	 0.0
26.06	 26.76	 0.0
27.06	 25.35	 0.0
28.06	 23.45	 0.0
29.06	 21.68	 0.0
30.06	 21.21	 0.0
01.07	 20.43	 0.0
02.07	 21.32	 0.0
03.07	 21.11	 0.0
04.07	 22.89	 0.0
05.07	 21.63	 0.0
06.07	 19.69	 0.0
07.07	 20.94	 0.0
08.07	 22.62	 0.0
09.07	 25.35	 0.0
10.07	 25.61	 0.0
11.07	 23.07	 0.0
12.07	 26.09	 0.0
13.07	 25.18	 0.0
14.07	 23.69	 0.0
15.07	 25.20	 0.0
16.07	 26.90	 0.0
17.07	 27.05	 0.0
18.07	 27.15	 0.0
19.07	 26.82	 0.0
20.07	 27.52	 0.0
21.07	 28.30	 0.0
22.07	 28.16	 0.0
23.07	 27.94	 0.0
24.07	 27.11
25.07	 28.05	 0.0
26.07	 28.61	 0.0
27.07	 27.76	 0.0
28.07	 30.96	 0.0
29.07	 28.83	 0.0
30.07	 24.60	 0.0
31.07	 26.14	 0.0
01.08	 26.29	 0.0
02.08	 27.20	 0.0
03.08	 28.50	 0.0
04.08	 29.45	 0.0
05.08	 20.65	 0.0
06.08	 29.91	 0.0
07.08	 28.02	 0.0
08.08	 28.46	 0.0
09.08	 28.65	 0.0
10.08	 29.45	 0.0
11.08	 28.19	 0.0
12.08	 27.39	 0.0
13.08	 26.35	 0.0
14.08	 25.58	 0.0
15.08	 24.14	 0.0
16.08	 25.53	 0.0
17.08	 26.56	 0.0
18.08	 26.70	 0.0
19.08	 19.99	 0.0
20.08	 13.56	 0.0
21.08	 13.95	 0.0
22.08	 15.93	 0.0
23.08	 20.19	 0.0
24.08	 18.59	 0.0
25.08	 20.66	 0.0
26.08	 16.88	 0.0
27.08	 15.50	 0.0
28.08	 14.05	 0.0
29.08	 14.43	 0.0
30.08	 10.38	 0.0
31.08	 10.91	 0.0
01.09	 11.75	 0.0
02.09	 18.60	 0.0
03.09	 13.24	 0.0
04.09	 12.47	 0.0
05.09	 11.12	 0.0
06.09	 10.79	 0.0
07.09	  9.32	 0.0
08.09	  8.58	 0.0
09.09	  8.64	 0.0
10.09	 13.12	 0.0
11.09	 12.98	 0.0
12.09	 13.65	 0.0
13.09	 12.91	 0.0
14.09	 13.25	 0.0
15.09	 17.69	 0.0
16.09	 19.04	 0.0
17.09	 17.05	 0.0
18.09	 11.75	 0.0
19.09	 12.66	 0.0
20.09	 12.11	 0.0
21.09	 10.50	 0.0
22.09	 10.13	 0.0
23.09	  8.85	 0.0
24.09	 10.81	 0.0
25.09	 11.06	 0.0
26.09	 12.40	 0.0
27.09	 13.14	 0.0
28.09	 15.01	 0.0
29.09	  8.96	 0.0
30.09	  4.83	 0.0
01.10	  5.29	 0.0
02.10	  6.54	 0.0
03.10	  5.26	 0.0
04.10	  2.22	 0.0
05.10	  1.07	 0.0
06.10	  3.38	 0.0
07.10	  5.29	 0.0
08.10	  5.26	 0.0
09.10	  5.40	 0.0
10.10	  5.21	 0.0
11.10	  4.26	 0.0
12.10	  3.01	 0.0
13.10	  0.80	 1.0
14.10	  1.91	 0.0
15.10	  3.55	 0.0
16.10	  1.34	 0.0
17.10	  0.06	 0.0
18.10	  1.06	 0.0
19.10	  0.29	 0.0
20.10	  2.91	 0.0
21.10	  5.15	 0.0
22.10	  4.07	 0.0
23.10	  5.01	 0.0
24.10	  3.76	 0.0
25.10	  5.86	 0.0
26.10	  5.44	 0.0
27.10	  4.88	 0.0
28.10	  0.53	 0.0
29.10	  0.16	 0.0
30.10	  5.39	 0.0
31.10	  4.30	 0.0
01.11	  4.86	 0.0
02.11	  6.26	 0.0
03.11	  6.92	 0.0
04.11	  7.14	 0.0
05.11	  5.24	 0.0
06.11	  3.40	 0.0
07.11	  2.31	 0.0
08.11	  4.63	 0.0
09.11	 10.41	 0.0
10.11	 12.46	 0.0
11.11	 11.74	 0.0
12.11	  6.21	 0.0
13.11	  7.84	 0.0
14.11	  7.38	 0.0
15.11	  8.64	 0.0
16.11	  7.92	 0.0
17.11	  5.71	 0.0
18.11	  2.24	 0.0
19.11	  3.21	 0.0
20.11	  3.77	 0.0
21.11	  1.51	 0.0
22.11	  0.80	 0.0
23.11	  0.35	 0.0
24.11	  3.91	 0.0
25.11	  3.53	 0.0
26.11	  0.50
27.11	 -2.10	 0.0
28.11	 -6.23	 0.0
29.11	-10.79	 0.0
30.11	-14.25	 4.0
01.12	-21.11	 8.0
02.12	-22.54	 8.0
03.12	-14.11	 8.0
04.12	 -3.44	 9.0
05.12	 -4.62	 9.0
06.12	 -7.34	 9.0
07.12	 -4.19	10.0
08.12	 -0.62	16.0
09.12	 -0.65	11.0
10.12	  0.53	 4.0
11.12	 -6.99	 6.0
12.12	 -9.36	 6.0
13.12	 -3.67	11.0
14.12	 -6.55	10.0
15.12	 -9.25	12.0
16.12	 -9.91	12.0
17.12	-12.95	12.0
18.12	-10.26	12.0
19.12	 -3.34	14.0
20.12	 -6.95	20.0
21.12	 -1.68	26.0
22.12	 -6.30	24.0
23.12	 -5.07	25.0
24.12	 -4.69	25.0
25.12	  0.80	24.0
26.12	  2.09	13.0
27.12	 -0.80	12.0
28.12	 -3.03	12.0
29.12	 -4.30	18.0
30.12	 -7.94	20.0
31.12	 -9.06	21.0
