01.02	 -6.86	26.0
02.02	 -6.86	26.0
03.02	-18.90	26.0
04.02	-20.20	26.0
05.02	 -3.58	26.0
06.02	 -0.16	26.0
07.02	 -3.58	24.0
08.02	 -4.58	26.0
09.02	 -8.20	26.0
10.02	 -4.12	26.0
11.02	-15.28	35.0
12.02	-17.64	36.0
13.02	-18.62	34.0
14.02	-20.74	34.0
15.02	-11.18	34.0
16.02	 -8.22	35.0
17.02	-12.28	35.0
18.02	-18.62	35.0
19.02	-17.94
20.02	-21.62	35.0
21.02	-20.34	35.0
22.02	 -8.80
23.02	-14.22	35.0
24.02	 -5.98	34.0
25.02	 -2.88
26.02	 -2.98	35.0
27.02	  0.02	34.0
28.02	  0.56
29.02	 -1.54	21.0
01.03	  1.20
02.03	 -1.98
03.03	 -6.38
04.03	 -4.72
05.03	-12.58
06.03	-12.46
07.03	-10.64	18.0
08.03	 -7.44
09.03	 -4.58
10.03	 -6.50	17.0
11.03	 -9.04	17.0
12.03	 -5.10
13.03	 -1.62	16.0
14.03	 -2.70	15.0
15.03	 -3.82	14.0
16.03	 -1.60	13.0
17.03	  0.64
18.03	 -0.06	 9.0
19.03	  0.73	 0.0
20.03	 -0.90	 0.0
21.03	  1.70	 0.0
22.03	  2.10
23.03	 -0.84	 0.0
24.03	 -1.38	 0.0
25.03	  1.58	 0.0
26.03	  2.94	 0.0
27.03	  4.80	 0.0
28.03	  2.74	 0.0
29.03	  1.16	 0.0
30.03	 -3.56	 0.0
31.03	 -3.76	 0.0
01.04	 -7.96	 0.0
02.04	-12.62	 0.0
03.04	-15.62	 4.0
04.04	 -7.00	 0.0
05.04	 -7.00	 0.0
06.04	 -7.92	 0.0
07.04	 -2.94	 0.0
08.04	  0.42	 0.0
09.04	  2.96	 0.0
10.04	  2.28	 0.0
11.04	  0.72	 0.0
12.04	  3.12	 0.0
13.04	 -5.20	 0.0
14.04	 -4.12	 0.0
15.04	 -2.90	 0.0
16.04	 -0.64	 0.0
17.04	 -0.34	 0.0
18.04	 -3.62	 0.0
19.04	 -1.76	 0.0
20.04	 -0.98	 0.0
21.04	 -0.36	 0.0
22.04	  0.56	 0.0
23.04	 -0.96	 0.0
24.04	 -8.08	 0.0
25.04	 -4.86	 0.0
26.04	  0.52	 0.0
27.04	  1.14	 1.0
28.04	 -1.38	 0.0
29.04	  0.94	 0.0
30.04	  2.38	 0.0
01.05	  3.48	 0.0
02.05	  1.22	 0.0
03.05	  1.50	 0.0
04.05	  1.82	 0.0
05.05	  5.20	 0.0
06.05	  5.12	 0.0
07.05	  3.84	 0.0
08.05	  5.70	 0.0
09.05	  8.08	 0.0
10.05	  6.44	 0.0
11.05	  9.24	 0.0
12.05	 10.70
