01.01	-13.51	 1.0
02.01	-12.55	 1.0
03.01	-14.54	 1.0
04.01	-16.74	 1.0
05.01	-18.44	 1.0
06.01	-18.93	 1.0
07.01	-17.88	 1.0
08.01	-17.36	 1.0
09.01	-15.53	 1.0
10.01	-13.05	 1.0
11.01	 -7.65	 3.0
12.01	 -4.46	 3.0
13.01	 -1.90	 3.0
14.01	 -0.31	 3.0
15.01	 -4.79	 3.0
16.01	 -3.60	 3.0
17.01	 -5.01	 3.0
18.01	 -5.65	 3.0
19.01	 -3.58	 3.0
20.01	 -3.48	 5.0
21.01	 -0.70	11.0
22.01	 -1.80	12.0
23.01	 -1.43	12.0
24.01	 -4.01	11.0
25.01	 -4.05	10.0
26.01	  0.61	14.0
27.01	 -1.18	15.0
28.01	 -3.55	15.0
29.01	 -5.60	15.0
30.01	 -8.56	15.0
31.01	 -1.82	16.0
01.02	 -0.20	16.0
02.02	 -0.56	16.0
03.02	  0.60	16.0
04.02	 -1.77	15.0
05.02	 -5.19	15.0
06.02	 -2.28
07.02	  1.88	14.0
08.02	 -0.69	11.0
09.02	 -3.96	11.0
10.02	 -5.79	11.0
11.02	 -3.79	11.0
12.02	 -4.74	11.0
13.02	 -6.30	11.0
14.02	 -3.94	13.0
15.02	 -6.03	19.0
16.02	-10.08	20.0
17.02	-14.10	20.0
18.02	 -5.69	20.0
19.02	 -3.54	19.0
20.02	 -6.66	22.0
21.02	 -6.26	22.0
22.02	  0.16	21.0
23.02	  3.11	13.0
24.02	  1.86
25.02	  3.25	 7.0
26.02	  1.97	 5.0
27.02	  1.99	 1.0
28.02	  4.46	 1.0
29.02	  1.59
01.03	  1.80	 1.0
02.03	  3.08	 2.0
03.03	  2.16
04.03	  1.33	 2.0
05.03	 -1.12	 1.0
06.03	 -0.39	 1.0
07.03	  0.11	 2.0
08.03	  1.12	 1.0
09.03	 -1.07
10.03	  0.24	 1.0
11.03	  0.14
12.03	  2.19	 2.0
13.03	  5.25
14.03	  4.94
15.03	  2.45
16.03	  0.90
17.03	  1.11
18.03	  2.20
19.03	  0.90
20.03	 -0.69	10.0
21.03	 -1.29	 9.0
22.03	 -3.21	 9.0
23.03	  1.34	 9.0
24.03	  2.92	 2.0
25.03	 10.11
26.03	  5.17
27.03	  2.66
28.03	  2.19
29.03	  2.23
30.03	  4.21
31.03	  3.52
01.04	  5.09
02.04	  6.94
03.04	  8.49
04.04	 12.13
05.04	 12.12
06.04	 11.89
07.04	 11.06
08.04	 12.78
09.04	 13.02
10.04	 15.31
11.04	 15.15
12.04	 14.97
13.04	 14.34
14.04	  7.51
15.04	  4.26
16.04	  4.95
17.04	  2.42	 2.0
18.04	  6.69
19.04	 10.66
20.04	 11.07
21.04	 11.65
22.04	  5.78
23.04	  5.20
24.04	  7.44
25.04	  9.20
26.04	 11.04
27.04	 11.56
28.04	 11.65
29.04	 12.45
30.04	 13.00
01.05	 12.83
02.05	 10.66
03.05	 10.52
04.05	 10.71
05.05	 12.50
07.05	  4.46
08.05	  5.72
09.05	  6.10
10.05	  7.21
11.05	  6.76
12.05	 13.60
13.05	 13.67
14.05	  7.30
15.05	  5.55
16.05	  8.74
17.05	 13.75
18.05	 16.10
19.05	 18.91
20.05	 21.26
21.05	 19.09
22.05	 17.09
23.05	 12.12
24.05	 11.11
25.05	  9.56
26.05	  8.21
27.05	 10.35
28.05	 13.03
29.05	 14.25
30.05	 13.54
31.05	 11.57
01.06	  9.62
02.06	 13.15
03.06	 11.61
04.06	 11.88
05.06	 14.05
06.06	 14.45
07.06	 13.40
08.06	  8.62
09.06	 13.43
10.06	 17.57
11.06	 18.12
12.06	 18.97
13.06	 16.86
14.06	 17.15
15.06	 20.49
16.06	 17.80
17.06	 17.84
18.06	 17.30
19.06	 16.06
20.06	 17.01
21.06	 17.91
22.06	 14.89
23.06	 16.16
24.06	 15.74
25.06	 13.67
26.06	 14.25
27.06	 15.98
28.06	 14.89
29.06	 14.86
30.06	 15.46
01.07	 17.12
02.07	 16.38
03.07	 16.86
04.07	 16.49
05.07	 17.39
06.07	 16.14
07.07	 15.80
08.07	 20.41
09.07	 18.65
10.07	 18.15
11.07	 16.75
12.07	 19.44
13.07	 21.16
14.07	 23.79
15.07	 24.32
16.07	 22.39
17.07	 21.65
18.07	 22.05
19.07	 22.93
20.07	 20.65
21.07	 19.69
22.07	 22.18
23.07	 22.23
24.07	 23.02
25.07	 21.47
26.07	 20.84
27.07	 18.03
28.07	 14.01
29.07	 13.93
30.07	 13.29
31.07	 14.50
01.08	 14.84
02.08	 18.18
03.08	 18.91
04.08	 20.33
05.08	 19.40
06.08	 14.93
07.08	 11.03
08.08	 12.48
09.08	 16.60
10.08	 19.91
11.08	 20.13
12.08	 20.68
13.08	 22.26
14.08	 24.38
15.08	 24.23
16.08	 25.99
17.08	 24.64
18.08	 24.30
19.08	 21.24
20.08	 18.55
21.08	 19.01
22.08	 18.96
23.08	 17.93
24.08	 20.07
25.08	 18.27
26.08	 14.32
27.08	 13.41
28.08	 16.01
29.08	 17.31
30.08	 12.48
31.08	  9.19
01.09	  7.33
02.09	  9.20
03.09	 15.30
04.09	 17.86
05.09	 19.36
06.09	 18.94
07.09	 20.57
08.09	 20.75
09.09	 21.75
10.09	 12.01
11.09	  7.53
12.09	  6.94
13.09	  7.95
14.09	  7.79
15.09	  6.80
16.09	  7.24
17.09	  6.70
18.09	  7.30
19.09	  9.94
20.09	 10.57
21.09	 12.95
22.09	  9.76
23.09	  8.72
24.09	  9.14
25.09	  8.30
26.09	  7.05
27.09	  4.50
28.09	  7.90
29.09	 10.02
30.09	  9.04
01.10	  9.04
02.10	 13.24
03.10	 13.86
04.10	 15.07
05.10	 13.75
06.10	 14.85
07.10	 13.84
08.10	  9.56
09.10	  4.96
10.10	  2.80
11.10	  7.67
12.10	  9.78
13.10	  8.03
14.10	  8.45
15.10	 10.26
16.10	  5.91
17.10	  8.95
18.10	  7.97
19.10	  6.31
20.10	  6.41
21.10	  7.25
22.10	  7.43
23.10	  7.20
24.10	  6.03
25.10	  5.51
26.10	  2.75
27.10	  4.04
28.10	  4.90
29.10	  7.89
30.10	  8.30
31.10	  8.99
01.11	 10.24
02.11	  8.99
03.11	  1.94
04.11	  0.76
05.11	  2.24
06.11	  2.11
07.11	 -1.00
08.11	 -2.66
09.11	 -1.44
10.11	  1.03
11.11	  2.05
12.11	  3.65
13.11	  2.74
14.11	  0.95
15.11	  1.03
16.11	  5.09
17.11	  4.42
18.11	  0.88
19.11	 -2.12
20.11	  0.31	 1.0
21.11	  1.26
22.11	  0.55	 5.0
23.11	  4.80
24.11	 -0.84	 2.0
25.11	  1.34
26.11	 -0.01	18.0
27.11	 -1.20	 7.0
28.11	  1.23	 5.0
29.11	  1.33	 3.0
30.11	 -0.30
01.12	  0.57
02.12	  1.10
03.12	  4.51
04.12	  5.29
05.12	  5.95
06.12	  7.31
07.12	  6.51
08.12	  6.01
09.12	  4.29
10.12	 -0.79
11.12	 -2.00
12.12	 -3.45
13.12	 -2.76
14.12	 -4.40
15.12	 -6.39
16.12	 -6.82
17.12	 -7.36
18.12	 -6.85
19.12	 -6.23
20.12	 -5.81
21.12	 -9.41
22.12	 -9.56
23.12	 -6.51
24.12	 -4.92	 3.0
25.12	 -7.18	 4.0
26.12	-11.41	 4.0
27.12	-14.90	 4.0
28.12	 -9.65	 6.0
29.12	 -6.34	 8.0
30.12	 -3.46	 8.0
31.12	 -3.01	 7.0
