01.01	  1.40	 4.0
02.01	  2.14	 2.0
03.01	  2.15	 0.0
04.01	 -0.62	 0.0
05.01	 -0.14	 1.0
06.01	  0.61	 0.0
07.01	  1.61	 0.0
08.01	  1.10	 0.0
09.01	 -0.01	 0.0
10.01	  2.46	 0.0
11.01	  5.89	 0.0
12.01	  2.50	 0.0
13.01	  2.82	 0.0
14.01	  1.04	 0.0
15.01	  0.99	 0.0
16.01	 -0.69	 2.0
17.01	  1.35	 0.0
18.01	  1.16	 0.0
19.01	  4.67	 0.0
20.01	  0.12	 0.0
21.01	 -0.47	 1.0
22.01	  1.57	 3.0
23.01	 -3.59	 2.0
24.01	 -8.18	 8.0
25.01	 -8.31	10.0
26.01	-12.97	18.0
27.01	-10.06	18.0
28.01	 -6.70	18.0
29.01	-13.05	19.0
30.01	-16.43	18.0
31.01	-14.19	18.0
01.02	-13.99	18.0
02.02	-16.81	18.0
03.02	-16.95	18.0
04.02	-11.00	18.0
05.02	 -4.97	19.0
06.02	 -1.57	21.0
07.02	 -9.07	28.0
08.02	-19.90	28.0
09.02	-15.30	27.0
10.02	 -9.92	34.0
11.02	-13.32	38.0
12.02	-17.41	38.0
13.02	 -6.46	38.0
14.02	  1.11	40.0
15.02	  0.25	28.0
16.02	 -8.31	26.0
17.02	-13.81	26.0
18.02	 -8.97	26.0
19.02	 -3.93	26.0
20.02	-11.16	27.0
21.02	-12.59	31.0
22.02	-20.31	33.0
23.02	-21.21	33.0
24.02	-15.16	33.0
25.02	-14.13	32.0
26.02	-16.44	32.0
27.02	-11.82	31.0
28.02	 -8.38	31.0
01.03	 -3.87	32.0
02.03	  0.46	33.0
03.03	  2.24	25.0
04.03	  0.65	22.0
05.03	  0.51	22.0
06.03	  1.12	19.0
07.03	  0.16	18.0
08.03	  2.15	18.0
09.03	  1.73	16.0
10.03	  1.78	14.0
11.03	  1.25	12.0
12.03	  2.16	10.0
13.03	  0.74	 9.0
14.03	  3.76	 7.0
15.03	  2.61	 3.0
16.03	  2.66	 0.0
17.03	  3.44	 0.0
18.03	  3.89	 0.0
19.03	  2.74	 0.0
20.03	  8.05	 0.0
21.03	  7.49	 0.0
22.03	  7.64	 0.0
23.03	  5.62	 0.0
24.03	  4.89	 0.0
25.03	  3.95	 0.0
26.03	  4.59	 0.0
27.03	  6.42	 0.0
28.03	  8.01	 0.0
29.03	  8.10	 0.0
30.03	  8.86	 0.0
31.03	  9.94	 0.0
01.04	  5.98	 0.0
02.04	  4.60	 0.0
03.04	  7.61	 0.0
04.04	  7.41	 0.0
05.04	  4.29	 0.0
06.04	  2.39	 0.0
07.04	  0.93	 0.0
08.04	 -0.04	 0.0
09.04	 -1.54	 0.0
10.04	 -0.74	 0.0
11.04	  1.61	 0.0
12.04	  5.52	 0.0
13.04	  3.50	 0.0
14.04	  2.06	 0.0
15.04	  4.72	 0.0
16.04	  6.17	 0.0
17.04	  7.08	 0.0
18.04	 10.05	 0.0
19.04	 11.14	 0.0
20.04	  8.18	 0.0
21.04	  3.25	 0.0
22.04	  3.30	 0.0
23.04	  2.75	 0.0
24.04	  4.55	102.0
25.04	  7.24	 0.0
26.04	  9.12	 0.0
27.04	 14.09	 0.0
28.04	 14.11	 0.0
29.04	  3.71	 0.0
30.04	  4.14	 0.0
01.05	  6.79	 0.0
02.05	  6.25	 0.0
03.05	  2.79	 0.0
04.05	  5.56	 0.0
05.05	  5.28	 0.0
06.05	  6.24	 0.0
07.05	  8.16	 0.0
08.05	  9.30	 0.0
09.05	  9.91	 0.0
10.05	 10.92	 0.0
11.05	 11.67	 0.0
12.05	 14.07	 0.0
13.05	 10.39	 0.0
14.05	 11.94	 0.0
15.05	 14.11	 0.0
16.05	 21.16	 0.0
17.05	 20.59	 0.0
18.05	 21.18	 0.0
19.05	 21.75	 0.0
20.05	 22.32	 0.0
21.05	 22.07	 0.0
22.05	 23.35	 0.0
23.05	 23.52	 0.0
24.05	 20.96	 0.0
25.05	 18.10	 0.0
26.05	 20.81	 0.0
27.05	 23.33	 0.0
28.05	 25.49	 0.0
29.05	 26.20	 0.0
30.05	 25.60	 0.0
31.05	 25.73	 0.0
01.06	 22.61	 0.0
02.06	 11.25	 0.0
03.06	 13.27	 0.0
04.06	 15.85	 0.0
05.06	 16.58	 0.0
06.06	 14.79	 0.0
07.06	 16.11	 0.0
08.06	 16.05	 0.0
09.06	 17.62	 0.0
10.06	 13.00
11.06	 13.41	 0.0
12.06	 14.00	 0.0
13.06	 19.00	 0.0
14.06	 21.41	 0.0
15.06	 22.64	 0.0
16.06	 19.79	 0.0
17.06	 22.54	 0.0
18.06	 21.44	 0.0
19.06	 15.76	 0.0
20.06	 17.77	 0.0
21.06	 16.41	 0.0
22.06	 14.94	 0.0
23.06	 16.34	 0.0
24.06	 16.70	 0.0
25.06	 15.14	 0.0
26.06	 17.55	 0.0
27.06	 19.55	 0.0
28.06	 19.51	 0.0
29.06	 15.03	 0.0
30.06	 17.27	 0.0
01.07	 18.23	 0.0
02.07	 15.74	 0.0
03.07	 16.43	 0.0
04.07	 19.00	 0.0
05.07	 20.80	 0.0
06.07	 21.96	 0.0
07.07	 17.28	 0.0
08.07	 15.14	 0.0
09.07	 16.55	 0.0
10.07	 16.66	 0.0
11.07	 19.80	 0.0
12.07	 23.39	 0.0
13.07	 24.54	 0.0
14.07	 17.40	 0.0
15.07	 18.46	 0.0
16.07	 19.86	 0.0
17.07	 19.12	 0.0
18.07	 21.34	 0.0
19.07	 23.59	 0.0
20.07	 20.00	 0.0
21.07	 17.96	 0.0
22.07	 15.86	 0.0
23.07	 15.93	 0.0
24.07	 20.95	 0.0
25.07	 19.89	 0.0
26.07	 16.92	 0.0
27.07	 18.86	 0.0
28.07	 17.84	 0.0
29.07	 18.74	 0.0
30.07	 20.55	 0.0
31.07	 19.10	 0.0
01.08	 17.98	 0.0
02.08	 17.09	 0.0
03.08	 17.71	 0.0
04.08	 17.01	 0.0
05.08	 17.62	 0.0
06.08	 19.19	 0.0
07.08	 21.06	 0.0
08.08	 22.16	 0.0
09.08	 17.98	 0.0
10.08	 18.70	 0.0
11.08	 20.24	 0.0
12.08	 22.11	 0.0
13.08	 23.70	 0.0
14.08	 21.74	 0.0
15.08	 23.00	 0.0
16.08	 20.77	 0.0
17.08	 23.27	 0.0
18.08	 24.32	 0.0
19.08	 20.57	 0.0
20.08	 22.41	 0.0
21.08	 24.76	 0.0
22.08	 26.20	 0.0
23.08	 24.39	 0.0
24.08	 24.30	 0.0
25.08	 24.95	 0.0
26.08	 20.19	 0.0
27.08	 16.89	 0.0
28.08	 14.83	 0.0
29.08	 13.24	 0.0
30.08	 12.50
31.08	 10.70	 0.0
01.09	 10.94	 0.0
02.09	 10.76	 0.0
03.09	 10.89	 0.0
04.09	 14.45	 0.0
05.09	 16.43	 0.0
06.09	 17.69	 0.0
07.09	 18.56	 0.0
08.09	 11.15	 0.0
09.09	  8.47	 0.0
10.09	  9.12	 0.0
11.09	 10.03	 0.0
12.09	 10.47	 0.0
13.09	 11.30	 0.0
14.09	  9.67	 0.0
15.09	  9.35	 0.0
16.09	  8.65	 0.0
17.09	  8.69	 0.0
18.09	 11.83	 0.0
19.09	 14.59	 0.0
20.09	 11.45	 0.0
21.09	  9.76	 0.0
22.09	  7.81	 0.0
23.09	 11.58	 0.0
24.09	 12.23	 0.0
25.09	 13.61	 0.0
26.09	 14.60	 0.0
27.09	 14.02	 0.0
28.09	 14.20	 0.0
29.09	 15.42	 0.0
30.09	 13.86	 0.0
01.10	 13.67	 0.0
02.10	 13.99	 0.0
03.10	 13.78	 0.0
04.10	 10.31	 0.0
05.10	 10.74	 0.0
06.10	  9.80	 0.0
07.10	  9.95	 0.0
08.10	 10.18	 0.0
09.10	  8.12	 0.0
10.10	  6.52	 0.0
11.10	  4.30	 0.0
12.10	  1.74	 0.0
13.10	  7.69	 0.0
14.10	  4.29	 0.0
15.10	  0.78	 0.0
16.10	  3.24	 1.0
17.10	  6.61	 0.0
18.10	 10.04	 0.0
19.10	  9.19	 0.0
20.10	 10.15	 0.0
21.10	  9.56	 0.0
22.10	  6.16	 0.0
23.10	  8.95	 0.0
24.10	  9.46	 0.0
25.10	  5.74	 0.0
26.10	  4.49	 0.0
27.10	  0.22	 0.0
28.10	  1.46	 0.0
29.10	  2.20	 0.0
30.10	  0.16	 0.0
31.10	  4.05	 0.0
01.11	  6.45	 0.0
02.11	  4.32	 0.0
03.11	  1.39	 0.0
04.11	 -0.34	 1.0
05.11	 -2.40	 3.0
06.11	 -4.86	 3.0
07.11	 -4.50	 3.0
08.11	 -5.39	 3.0
09.11	 -3.80	 3.0
10.11	 -2.64	 4.0
11.11	 -2.29	 4.0
12.11	 -1.94	 5.0
13.11	 -2.76	 7.0
14.11	 -2.54	16.0
15.11	 -1.51	17.0
16.11	 -4.55	17.0
17.11	 -4.05	20.0
18.11	 -8.14	21.0
19.11	 -9.96	21.0
20.11	  0.41	11.0
21.11	 -5.42	 9.0
22.11	 -9.10	 9.0
23.11	 -4.81	 9.0
24.11	 -1.44	 9.0
25.11	  1.04	 7.0
26.11	  2.30	 5.0
27.11	  0.33	 2.0
28.11	 -1.57	 4.0
29.11	 -3.58	 4.0
30.11	 -2.16	 6.0
01.12	 -5.29	 8.0
02.12	 -9.95	 8.0
03.12	 -8.00	 8.0
04.12	  1.06	 5.0
05.12	  1.20	 2.0
06.12	  0.11	 1.0
07.12	 -1.75	 1.0
08.12	 -3.23	 1.0
09.12	 -1.15	 1.0
10.12	 -1.65	 1.0
11.12	 -5.35	 1.0
12.12	 -5.17	 3.0
13.12	 -3.94	 4.0
14.12	 -3.99	 5.0
15.12	 -5.35	 4.0
16.12	 -2.49	 4.0
17.12	 -2.53	 4.0
18.12	 -2.29	 5.0
19.12	 -0.10	 5.0
20.12	  0.03	 5.0
21.12	 -0.59	 3.0
22.12	  0.79	 3.0
23.12	 -3.29	 3.0
24.12	 -2.08	 3.0
25.12	 -1.10	 2.0
26.12	 -2.81	 1.0
27.12	 -6.24	 1.0
28.12	 -4.11	 1.0
29.12	 -3.35	 1.0
30.12	 -3.31	 1.0
31.12	 -7.19	 1.0
