01.03	-13.73
02.03	 -5.55
03.03	 -1.60
04.03	 -2.80
05.03	 -0.67
06.03	 -5.10
07.03	 -4.00
08.03	 -7.05
09.03	-14.05	42.0
10.03	-12.70
11.03	 -2.30	43.0
12.03	  1.27	39.0
13.03	  0.50	35.0
14.03	 -0.40	28.0
15.03	  1.40	25.0
16.03	  0.80
17.03	 -1.27
18.03	 -3.40	16.0
19.03	 -8.60	16.0
20.03	 -9.20	16.0
21.03	 -1.60
22.03	 -9.85
23.03	-10.40	12.0
24.03	 -8.77	12.0
25.03	 -9.17	12.0
26.03	 -6.50
27.03	-12.68	17.0
28.03	-13.20	15.0
29.03	-10.05	15.0
30.03	-14.00	19.0
31.03	-11.50	17.0
01.04	 -6.20	12.0
02.04	 -2.58	 7.0
03.04	  0.15	 6.0
04.04	  0.88	 0.0
05.04	  0.77	 0.0
06.04	  0.40	 0.0
07.04	  3.95	 0.0
08.04	  4.58	 0.0
09.04	  5.67	 0.0
10.04	  5.70	 0.0
11.04	  4.82	 0.0
12.04	  4.40	 0.0
13.04	  6.55	 0.0
14.04	  4.50	 0.0
15.04	  0.18	 0.0
16.04	  0.93	 0.0
17.04	  3.37	 0.0
18.04	  1.15	 0.0
19.04	  5.10	 0.0
20.04	  7.83	 0.0
21.04	  7.17	 0.0
22.04	  6.83	 0.0
23.04	  5.33	 0.0
24.04	  6.70	 0.0
25.04	 10.15	 0.0
26.04	  9.40	 0.0
27.04	  6.80	 0.0
28.04	  9.15	 0.0
29.04	  5.65	 0.0
30.04	  5.93	 0.0
01.05	  5.95	 0.0
02.05	  8.78	 0.0
03.05	  5.65	 0.0
04.05	  5.20	 0.0
05.05	  5.72	 0.0
06.05	  8.25	 0.0
07.05	  8.65	 0.0
08.05	 -0.57	 0.0
09.05	  2.47	 0.0
10.05	  2.67	 0.0
11.05	  5.80
12.05	  7.85	 0.0
13.05	  4.83	 0.0
14.05	  2.83	 0.0
15.05	  4.00
