01.02	 -8.26	34.0
02.02	-10.44	34.0
03.02	-14.49	34.0
04.02	-16.68	34.0
05.02	-19.16	33.0
06.02	-19.97	33.0
07.02	-15.11	31.0
08.02	 -7.31	29.0
09.02	 -7.75	28.0
10.02	 -9.04	28.0
11.02	-12.83	28.0
12.02	-11.85	28.0
13.02	-13.25	32.0
14.02	 -8.22	33.0
15.02	 -2.65	36.0
16.02	  0.75	37.0
17.02	 -3.04	31.0
18.02	 -5.35	34.0
19.02	 -4.25	34.0
20.02	 -5.84	38.0
21.02	 -8.65	38.0
22.02	-13.80	37.0
23.02	-12.95	37.0
24.02	-14.11	37.0
25.02	-17.40	36.0
26.02	-11.85	36.0
27.02	 -9.14	35.0
28.02	 -8.46	38.0
01.03	-12.51	42.0
02.03	-14.14	41.0
03.03	-13.16	41.0
04.03	-11.08	44.0
05.03	 -9.78	40.0
06.03	 -8.23
07.03	 -4.25
08.03	 -4.50
09.03	 -5.95
10.03	 -8.69	41.0
11.03	-11.41	41.0
12.03	-10.28	41.0
13.03	 -1.15	41.0
14.03	 -3.41	40.0
15.03	 -3.34	41.0
16.03	 -4.90	42.0
17.03	-10.04	41.0
18.03	 -2.12	41.0
19.03	 -8.07	41.0
20.03	 -9.89	42.0
21.03	 -7.74	42.0
22.03	 -5.44	41.0
23.03	 -4.12	40.0
24.03	 -6.06	40.0
25.03	 -2.94	40.0
26.03	  1.70	40.0
27.03	 -1.79	37.0
28.03	 -6.03	35.0
29.03	 -8.17
30.03	 -7.00	33.0
31.03	 -3.23	32.0
01.04	 -1.09	31.0
02.04	 -0.34	30.0
03.04	  1.39	28.0
04.04	  2.51	21.0
05.04	  5.14	17.0
06.04	  7.48	 6.0
07.04	  6.24	 2.0
08.04	  7.58	 0.0
09.04	  8.41	 0.0
10.04	 10.03	 0.0
11.04	  8.03	 0.0
12.04	  7.17	 0.0
13.04	  8.91	 0.0
14.04	 11.76	 0.0
15.04	 12.76	 0.0
16.04	 13.55	 0.0
17.04	 12.19	 0.0
18.04	  9.59	 0.0
19.04	  9.75	 0.0
20.04	  5.33	 0.0
21.04	 -0.06	 0.0
22.04	  0.61	 1.0
23.04	  3.09	 0.0
24.04	  3.56	 0.0
25.04	  3.61	 0.0
26.04	  7.22	 0.0
27.04	 11.02	 0.0
28.04	 12.34	 0.0
29.04	 10.59	 0.0
30.04	 12.35	 0.0
01.05	 11.16	 0.0
02.05	  8.05	 0.0
03.05	  9.94	 0.0
04.05	 11.05	 0.0
05.05	 14.36	 0.0
06.05	 16.06	 0.0
07.05	 13.11	 0.0
08.05	 13.85	 0.0
09.05	 14.22	 0.0
10.05	 11.47	 0.0
11.05	 11.99	 0.0
12.05	 12.85	 0.0
13.05	 11.79	 0.0
14.05	  9.26	 0.0
15.05	 11.04	 0.0
16.05	 12.96	 0.0
17.05	 16.55	 0.0
18.05	 18.16	 0.0
19.05	 18.62	 0.0
20.05	 18.90	 0.0
21.05	 19.55	 0.0
22.05	 21.59	 0.0
23.05	 22.01	 0.0
24.05	 24.00	 0.0
25.05	 23.07	 0.0
26.05	 19.28	 0.0
27.05	 17.46	 0.0
28.05	 20.19	 0.0
29.05	 19.57	 0.0
30.05	 20.73	 0.0
31.05	 17.69	 0.0
01.06	 15.53	 0.0
02.06	 12.76	 0.0
03.06	 11.69	 0.0
04.06	 13.38	 0.0
05.06	 15.59	 0.0
06.06	 19.41	 0.0
07.06	 18.48	 0.0
08.06	 16.16	 0.0
09.06	 14.62	 0.0
10.06	 16.10	 0.0
11.06	 18.50	 0.0
12.06	 20.01	 0.0
13.06	 18.51	 0.0
14.06	 16.87	 0.0
15.06	 18.97	 0.0
16.06	 18.44	 0.0
17.06	 17.71	 0.0
18.06	 15.90	 0.0
19.06	 14.05	 0.0
20.06	 11.78	 0.0
21.06	  9.15	 0.0
22.06	 13.21	 0.0
23.06	 15.04	 0.0
24.06	 18.76	 0.0
25.06	 20.29	 0.0
26.06	 19.59	 0.0
27.06	 15.54	 0.0
28.06	 15.82	 0.0
29.06	 15.89	 0.0
30.06	 12.84	 0.0
01.07	 13.69	 0.0
02.07	 15.65	 0.0
03.07	 17.51	 0.0
04.07	 17.56	 0.0
05.07	 17.91	 0.0
06.07	 17.71
07.07	 15.23	 0.0
08.07	 16.11	 0.0
09.07	 17.40	 0.0
10.07	 17.50	 0.0
11.07	 15.25	 0.0
12.07	 17.85	 0.0
13.07	 22.32	 0.0
14.07	 20.35	 0.0
15.07	 22.00	 0.0
16.07	 22.51	 0.0
17.07	 20.27	 0.0
18.07	 19.96	 0.0
19.07	 24.13
20.07	 20.49	 0.0
21.07	 19.93
22.07	 20.44	 0.0
23.07	 19.09	 0.0
24.07	 20.39	 0.0
25.07	 23.17
26.07	 18.27	 0.0
27.07	 21.27	 0.0
28.07	 17.55	 0.0
29.07	 19.51	 0.0
30.07	 20.21	 0.0
31.07	 21.41	 0.0
01.08	 21.82	 0.0
02.08	 21.10	 0.0
03.08	 20.62	 0.0
04.08	 19.12	 0.0
05.08	 19.70	 0.0
06.08	 19.66	 0.0
07.08	 20.80	 0.0
08.08	 20.59	 0.0
09.08	 21.21	 0.0
10.08	 17.76	 0.0
11.08	 16.14	 0.0
12.08	 17.67	 0.0
13.08	 17.57	 0.0
14.08	 18.02	 0.0
15.08	 17.76	 0.0
16.08	 17.70
17.08	 18.20	 0.0
18.08	 17.08	 0.0
19.08	 14.10	 0.0
20.08	 13.14	 0.0
21.08	 14.51	 0.0
22.08	 16.44	 0.0
23.08	 18.05	 0.0
24.08	 17.25	 0.0
25.08	 15.20	 0.0
26.08	 16.31
27.08	 17.17	 0.0
28.08	 17.48	 0.0
29.08	 16.15	 0.0
30.08	 15.62	 0.0
31.08	 13.72	 0.0
01.09	 12.42	 0.0
02.09	 13.43	 0.0
03.09	 13.55	 0.0
04.09	 13.94	 0.0
05.09	 12.66	 0.0
06.09	 11.59	 0.0
07.09	 16.13	 0.0
08.09	 17.27	 0.0
09.09	 18.96	 0.0
10.09	 17.84	 0.0
11.09	 16.60	 0.0
12.09	 15.65	 0.0
13.09	 18.07	 0.0
14.09	 14.05	 0.0
15.09	 12.13	 0.0
16.09	 14.36	 0.0
17.09	 13.55	 0.0
18.09	  8.24	 0.0
19.09	  6.76	 0.0
20.09	  9.16	 0.0
21.09	 12.23
22.09	 12.88	 0.0
23.09	 13.56	 0.0
24.09	 11.46	 0.0
25.09	 10.76	 0.0
26.09	 10.61	 0.0
27.09	 11.06	 0.0
28.09	 12.91	 0.0
29.09	 13.91	 0.0
30.09	 13.47	 0.0
01.10	 12.79	 0.0
02.10	 11.20	 0.0
03.10	 10.86	 0.0
04.10	 10.70	 0.0
05.10	 10.31	 0.0
06.10	  7.27	 0.0
07.10	  6.76	 0.0
08.10	  9.35	 0.0
09.10	  8.75	 0.0
10.10	  7.69	 0.0
11.10	  8.75	 0.0
12.10	  9.45	 0.0
13.10	  9.51	 0.0
14.10	 10.16	 0.0
15.10	  8.30	 0.0
16.10	  7.40	 0.0
17.10	  8.43	 0.0
18.10	  6.77	 0.0
19.10	  3.35	 0.0
20.10	  1.40	 0.0
21.10	  0.86	 0.0
22.10	  3.90	 0.0
23.10	  9.78	 0.0
24.10	 11.59	 0.0
25.10	  1.99	 0.0
26.10	 -0.39	 2.0
27.10	  6.71	 0.0
28.10	 -2.45	 2.0
29.10	 -4.66	 2.0
30.10	 -2.95	 2.0
31.10	 -1.60	 1.0
01.11	 -0.82	 1.0
02.11	 -0.65	 0.0
03.11	 -0.33	 0.0
04.11	  0.31	 0.0
05.11	  0.74	 0.0
06.11	  2.21	 0.0
07.11	  1.64	 0.0
08.11	  2.05	 0.0
09.11	 -0.02	 0.0
10.11	  1.40	 0.0
11.11	  0.45	 0.0
12.11	 -1.76	 0.0
13.11	  0.05	 0.0
14.11	  1.44	 0.0
15.11	  2.76	 0.0
16.11	 -0.19	 0.0
17.11	  2.79	 0.0
18.11	  5.18	 0.0
19.11	 -1.10	 0.0
20.11	 -0.85	 2.0
21.11	  0.78	 2.0
22.11	 -2.20	 1.0
23.11	 -2.55	 1.0
24.11	 -4.10	 1.0
25.11	 -4.20	 1.0
26.11	  0.70	 1.0
27.11	  0.40	 1.0
28.11	  1.99	 0.0
29.11	  5.17	 0.0
30.11	 -0.45	 0.0
01.12	  0.72	 0.0
02.12	 -2.80	 4.0
03.12	 -6.28	 4.0
04.12	 -5.33	 4.0
05.12	 -5.05	 4.0
06.12	 -4.81	 4.0
07.12	 -4.36	 5.0
08.12	  0.74	 8.0
09.12	 -2.73	10.0
10.12	-10.47	17.0
11.12	 -4.01	19.0
12.12	 -0.91	24.0
13.12	  1.11	22.0
14.12	  0.29	23.0
15.12	 -1.96	21.0
16.12	 -1.91	19.0
17.12	 -3.15	20.0
18.12	 -0.61	20.0
19.12	 -2.64	20.0
20.12	 -6.69	20.0
21.12	 -6.83	22.0
22.12	 -5.41	24.0
23.12	 -7.95	24.0
24.12	-11.55	24.0
25.12	-12.31	26.0
26.12	 -8.27	26.0
27.12	 -8.22	25.0
28.12	 -7.26	28.0
29.12	 -0.25	28.0
30.12	 -0.05	25.0
31.12	 -2.65	24.0
