19.01	-24.92
20.01	-26.00
21.01	-24.92
22.01	-27.60
25.01	-18.27
26.01	-15.06
27.01	-21.90
28.01	-14.13
29.01	-12.00
01.02	-31.73
02.02	-31.91
03.02	-30.50
04.02	-30.70
05.02	-31.43
06.02	-27.56
07.02	-15.20
08.02	-24.11
09.02	-27.40
10.02	-29.89
11.02	-31.61
12.02	-33.11
13.02	-30.73
14.02	-28.69
15.02	-30.29
16.02	-28.29
17.02	-23.55
18.02	-18.81
19.02	-21.04
20.02	-17.84
21.02	-19.35
22.02	-19.41
23.02	-17.79
24.02	-23.01
25.02	-30.31
26.02	-32.84
27.02	-30.94
28.02	-29.36
01.03	-27.58
02.03	-24.39
03.03	-18.95
04.03	-18.77
05.03	-21.20
06.03	-24.29
07.03	-26.38
08.03	-25.54
09.03	-23.16
10.03	-15.23
11.03	-16.99
12.03	-22.88
13.03	-21.69
14.03	-17.23
15.03	-18.06
16.03	-18.69
17.03	-19.16
18.03	-17.28
19.03	-15.59
20.03	-10.14
21.03	-13.04
22.03	 -8.60
23.03	-12.03
24.03	-11.01
25.03	-14.92
26.03	-13.74
27.03	 -9.73
28.03	 -6.55
29.03	 -2.23
30.03	 -4.69
31.03	 -7.43
01.04	 -7.89
02.04	 -9.50
03.04	 -9.77
04.04	 -9.21
05.04	 -7.14
06.04	 -6.10
07.04	 -0.80
08.04	 -6.26
09.04	 -7.17
10.04	 -8.29
11.04	 -8.80
12.04	 -6.71
13.04	 -7.16
14.04	 -6.62
15.04	 -5.56
16.04	 -4.76
17.04	  0.06
18.04	  3.00
19.04	  1.83
20.04	  2.12
21.04	  2.44
22.04	  3.59
23.04	  3.13
24.04	  2.30
25.04	 -1.21
26.04	 -2.33
27.04	  2.12
28.04	  3.41
29.04	  5.71
30.04	 12.98
01.05	  5.63
02.05	  4.40
03.05	  3.18
04.05	  5.55
05.05	  5.54
06.05	  6.44
07.05	  6.95
08.05	  5.41
09.05	  7.97
10.05	  8.50
11.05	 12.72
12.05	 11.96
13.05	  6.42
14.05	  5.76
15.05	  9.00
16.05	 11.84
17.05	 11.94
18.05	 13.45
19.05	 10.44
20.05	  9.11
21.05	  5.04
22.05	  5.99
23.05	  6.90
24.05	  7.11
25.05	 12.73
26.05	 16.00
27.05	 19.15
28.05	 17.05
29.05	 17.97
30.05	 18.28
31.05	 15.16
01.06	 24.40
02.06	 20.19
03.06	 16.54
04.06	 14.50
05.06	 15.37
06.06	 14.70
07.06	 13.46
08.06	 14.35
09.06	 15.57
10.06	 20.84
11.06	 17.02
12.06	 16.76
13.06	 18.09
14.06	 15.40
15.06	 11.71
16.06	 14.39
17.06	 16.73
18.06	 17.60
19.06	 11.78
21.06	 30.53
22.06	 25.45
23.06	 26.36
24.06	 20.58
25.06	 17.35
26.06	 19.93
27.06	 18.84
28.06	 18.10
29.06	 15.88
30.06	 17.66
01.07	 20.46
02.07	 19.69
03.07	 20.71
04.07	 20.38
05.07	 19.84
06.07	 18.11
07.07	 19.84
08.07	 20.82
09.07	 21.68
10.07	 22.04
11.07	 22.50
12.07	 24.81
13.07	 24.94
14.07	 22.25
15.07	 21.60
16.07	 18.88
17.07	 19.65
18.07	 21.00
19.07	 23.65
20.07	 25.91
21.07	 26.38
22.07	 25.73
23.07	 21.30
26.07	 26.00
27.07	 23.54
28.07	 22.19
29.07	 18.50
30.07	 18.65
31.07	 16.75
01.08	 15.50
02.08	 17.90
03.08	 16.16
04.08	 13.80
05.08	 14.53
06.08	 17.25
07.08	 13.68
08.08	 11.20
09.08	 14.50
10.08	 18.41
11.08	 20.18
12.08	 23.07
13.08	 19.79
14.08	 16.80
15.08	 17.90
16.08	 18.10
17.08	 15.61
18.08	 15.10
19.08	 13.10
20.08	 13.46
21.08	 14.29
22.08	 16.54
23.08	 17.39
24.08	 18.08
25.08	 19.70
26.08	 17.97
27.08	 19.44
28.08	 16.84
29.08	 14.97
30.08	 13.87
31.08	 13.84
01.09	 17.81
02.09	 16.02
03.09	 17.60
04.09	 15.19
05.09	 11.76
06.09	  8.55
07.09	 11.55
08.09	 17.77
09.09	 14.01
10.09	 17.41
11.09	 16.04
12.09	 14.93
13.09	 12.76
14.09	  9.65
15.09	  7.12
16.09	  7.88
17.09	  8.30
18.09	  7.64
19.09	  7.30
20.09	  3.24
21.09	  2.81
22.09	  3.09
23.09	  7.50
24.09	  7.45
25.09	  6.08
26.09	  4.91
27.09	  3.57
28.09	  3.23
29.09	  2.48
30.09	  3.19
01.10	  2.65
02.10	  4.53
03.10	  5.53
04.10	 10.85
05.10	  7.78
06.10	  2.71
07.10	  0.04
08.10	  1.00
09.10	  0.25
10.10	  2.31
11.10	  3.16
12.10	  4.39
13.10	  0.72
14.10	 -0.17
15.10	 -4.77
16.10	-10.28
17.10	 -8.80
18.10	 -6.84
19.10	 -5.76
20.10	 -2.26
21.10	 -0.64
22.10	 -5.11
23.10	 -5.52
24.10	 -7.71
25.10	-10.79
26.10	-11.18
27.10	 -6.25
28.10	 -0.30
29.10	  0.95
30.10	  1.69
31.10	 -2.59
01.11	 -7.95
02.11	 -7.29
03.11	 -8.38
04.11	 -6.97
05.11	  0.53
06.11	 -2.15
07.11	 -8.34
08.11	-11.14
09.11	 -9.28
10.11	 -7.58
11.11	 -7.81
12.11	 -8.73
13.11	 -9.80
14.11	 -8.89
15.11	-10.35
16.11	 -8.75
17.11	 -7.79
18.11	 -5.20
19.11	 -7.01
20.11	 -9.39
21.11	-13.40
22.11	-15.00
23.11	-17.94
