25.01	-37.40
26.01	-38.00
27.01	-37.09
28.01	-37.51
29.01	-34.30
30.01	-32.71
31.01	-31.37
01.02	-24.94
02.02	-22.80
03.02	-12.12
04.02	-21.16
05.02	-15.59
06.02	-19.88
07.02	-18.96
08.02	-25.39
09.02	-29.40
10.02	-31.62
11.02	-31.76
12.02	-30.54
13.02	-25.80
14.02	-23.82
15.02	-19.18
16.02	-18.20
17.02	-21.57
18.02	-20.44
19.02	-18.39
20.02	-15.68
21.02	-10.90
22.02	-11.90
23.02	-17.18
24.02	-20.76
25.02	-25.36
26.02	-20.07
27.02	-23.15
28.02	-21.75
01.03	-15.06
02.03	-14.81
03.03	-14.74
04.03	-12.66
05.03	-11.95
06.03	-15.83
07.03	-18.56
08.03	-18.24
09.03	 -8.70
10.03	 -9.26
11.03	 -8.34
12.03	 -7.56
13.03	 -8.41
14.03	-11.85
15.03	-11.63
16.03	-11.30
17.03	 -3.76
18.03	 -9.54
19.03	 -9.39
20.03	-11.65
21.03	-12.20
22.03	-12.45
23.03	 -9.86
24.03	 -5.25
25.03	 -8.20
26.03	 -7.26
27.03	 -4.49
28.03	 -0.43
29.03	 -1.29
30.03	 -1.19
31.03	 -3.27
01.04	 -4.66
02.04	  0.04
03.04	  2.67
04.04	  5.25
05.04	  3.23
06.04	  1.55
07.04	 -0.49
08.04	 -2.64
09.04	 -3.26
10.04	 -2.40
11.04	  3.58
12.04	  8.36
13.04	  6.93
14.04	  6.38
15.04	  5.79
16.04	  4.35
17.04	  3.19
18.04	  4.78
19.04	  5.55
20.04	  6.49
21.04	  6.00
22.04	  7.21
23.04	  6.04
24.04	  7.51
25.04	  6.99
26.04	  6.95
27.04	  8.69
28.04	  9.54
29.04	 11.56
30.04	  5.72
01.05	  3.18
02.05	  3.69
03.05	  6.02
04.05	  6.96
05.05	 11.20
06.05	 12.10
07.05	  7.94
08.05	  6.15
09.05	  9.55
10.05	  8.54
11.05	  5.37
12.05	  5.99
13.05	 10.17
14.05	  8.67
15.05	 10.73
16.05	 17.99
17.05	  9.00
18.05	  4.66
19.05	  5.40
20.05	  4.95
21.05	  5.11
22.05	  5.85
23.05	  8.42
24.05	 10.24
25.05	 10.40
26.05	 14.96
27.05	 11.73
28.05	 15.73
29.05	 15.28
30.05	 15.57
31.05	 13.64
01.06	 11.71
02.06	 14.20
03.06	 17.56
04.06	 19.81
05.06	 18.61
06.06	 19.18
07.06	 15.05
08.06	 15.91
09.06	 17.17
10.06	 19.75
11.06	 20.30
12.06	 22.07
13.06	 22.93
14.06	 23.95
15.06	 23.45
16.06	 22.97
17.06	 22.81
18.06	 20.46
19.06	 26.60
20.06	 22.18
21.06	 22.18
22.06	 23.88
23.06	 24.60
24.06	 24.81
25.06	 22.38
26.06	 21.44
27.06	 22.29
28.06	 16.75
29.06	 16.51
30.06	 16.35
01.07	 18.60
02.07	 20.69
03.07	 25.12
04.07	 19.85
05.07	 14.31
06.07	 14.69
07.07	 16.12
08.07	 19.03
09.07	 15.45
10.07	 15.52
11.07	 14.46
12.07	 18.31
13.07	 23.50
14.07	 23.26
15.07	 24.32
16.07	 24.62
17.07	 25.47
18.07	 23.94
19.07	 22.59
20.07	 22.25
21.07	 19.74
22.07	 21.05
23.07	 18.77
24.07	 15.61
25.07	 15.80
26.07	 19.36
27.07	 16.95
28.07	 16.40
29.07	 16.47
30.07	 16.67
31.07	 14.54
01.08	 20.10
02.08	 18.38
03.08	 19.11
04.08	 20.31
05.08	 22.36
06.08	 22.06
07.08	 18.39
08.08	 15.84
09.08	 15.30
10.08	 17.51
11.08	 18.53
12.08	 16.80
13.08	 15.26
14.08	 14.60
15.08	 16.05
16.08	 15.89
17.08	 16.47
18.08	 17.52
19.08	 17.59
20.08	 20.89
21.08	 23.53
22.08	 21.36
23.08	 19.00
24.08	 17.34
25.08	 15.60
26.08	 18.01
27.08	 18.61
28.08	 17.16
29.08	 14.99
30.08	 10.27
31.08	  9.95
01.09	 10.61
02.09	  9.18
03.09	 11.86
04.09	  8.64
05.09	 10.12
06.09	  8.54
07.09	  5.90
08.09	  6.00
09.09	  8.95
10.09	  9.15
11.09	 16.07
12.09	 10.01
13.09	  6.55
14.09	  5.05
15.09	  4.75
16.09	  4.52
17.09	  6.51
18.09	  6.67
19.09	  6.84
20.09	  6.94
21.09	  8.71
22.09	 10.39
23.09	 10.34
24.09	  9.62
25.09	  4.55
26.09	  5.91
27.09	  6.93
28.09	  1.75
29.09	  1.08
30.09	  2.04
01.10	  2.85
02.10	  4.00
03.10	  4.79
04.10	  9.77
05.10	  2.11
06.10	  2.86
07.10	  4.59
08.10	  8.35
09.10	  6.03
10.10	  3.33
11.10	  8.16
12.10	  8.18
13.10	  7.12
14.10	  5.15
15.10	  6.54
16.10	 -0.12
17.10	 -0.76
18.10	  0.05
19.10	  2.96
20.10	  3.90
21.10	 -2.26
22.10	  4.43
23.10	  0.34
24.10	 -4.10
25.10	 -3.93
26.10	 -3.75
27.10	  0.73
28.10	 -0.64
29.10	  0.59
30.10	 -3.75
31.10	 -2.44
01.11	 -3.34
02.11	 -6.50
03.11	 -3.71
04.11	 -9.19
05.11	 -6.80
06.11	 -7.88
07.11	 -9.03
08.11	-10.04
09.11	 -8.46
10.11	 -3.85
11.11	-12.61
12.11	-14.62
13.11	-17.67
14.11	-19.00
15.11	-17.29
16.11	-13.49
17.11	-13.60
18.11	-20.61
19.11	-20.79
20.11	-24.24
21.11	-22.30
22.11	-18.20
23.11	-20.20
24.11	-17.40
25.11	-17.61
26.11	-17.49
27.11	-14.27
28.11	-26.43
29.11	-28.52
30.11	-23.09
01.12	-21.39
