01.02	-34.45
02.02	-33.83
03.02	-30.64
04.02	-27.12
05.02	-27.12
06.02	-29.27
07.02	-28.04
08.02	-23.57
09.02	-18.29
10.02	-27.74
11.02	-29.50
12.02	-24.25
13.02	-24.33
14.02	-24.50
15.02	-27.46
16.02	-29.43
17.02	-28.81
18.02	-28.45
19.02	-29.59
20.02	-29.51
21.02	-28.75
22.02	-26.70
23.02	-22.71
24.02	-18.55
25.02	-19.70
26.02	-19.26
27.02	-14.32
28.02	-11.34
29.02	-17.12
01.03	-21.79
02.03	-25.14
03.03	-23.06
04.03	-23.64
05.03	-20.28
06.03	-15.68
07.03	-19.52
08.03	-23.61
09.03	-19.49
10.03	-21.89
11.03	-19.75
12.03	-17.21
13.03	 -9.42
14.03	 -9.90
15.03	 -9.39
16.03	-11.55
17.03	-20.43
18.03	-19.61
19.03	-16.34
20.03	-10.10
21.03	 -5.66
22.03	 -4.92
23.03	 -7.31
24.03	 -9.91
25.03	 -6.59
26.03	 -1.03
27.03	 -0.26
28.03	 -2.35
29.03	 -2.99
30.03	 -4.86
31.03	 -7.53
01.04	 -6.84
02.04	 -3.70
03.04	 -1.31
04.04	  0.94
05.04	  0.26
06.04	  5.56
07.04	  3.86
08.04	 -0.42
09.04	  1.55
10.04	 -0.74
11.04	  4.66
12.04	  5.73
13.04	 -1.19
14.04	 -0.11
15.04	  0.01
16.04	  4.04
17.04	  6.51
18.04	  5.44
19.04	  3.66
20.04	  0.46
21.04	  0.44
22.04	  0.67
23.04	  3.34
24.04	  1.21
25.04	  0.91
26.04	  0.90
27.04	  0.75
28.04	  0.21
29.04	  1.06
30.04	  2.28
