01.01	-39.59
02.01	-38.61
03.01	-38.99
04.01	-33.79
05.01	-33.83
06.01	-30.00
07.01	-35.44
08.01	-33.80
09.01	-38.14
10.01	-37.10
11.01	-34.47
12.01	-37.42
13.01	-36.01
14.01	-34.98
15.01	-33.71
16.01	-33.51
17.01	-30.99
18.01	-25.26
19.01	-24.00
20.01	-23.02
21.01	-26.04
22.01	-30.15
23.01	-33.88
24.01	-36.36
25.01	-30.84
26.01	-29.45
27.01	-22.93
28.01	-18.41
29.01	-14.65
30.01	-22.15
31.01	-31.44
01.02	-37.19
02.02	-29.80
04.02	-27.00
05.02	-29.25
06.02	-33.40
07.02	-34.88
08.02	-35.96
09.02	-27.16
10.02	-30.29
11.02	-27.84
12.02	-26.11
13.02	-23.53
14.02	-25.66
15.02	-27.95
16.02	-26.69
17.02	-22.93
18.02	-29.10
19.02	-32.51
20.02	-30.21
21.02	-24.41
22.02	-21.24
23.02	-20.55
24.02	-17.92
25.02	-15.15
26.02	 -8.65
27.02	-15.12
28.02	-22.99
01.03	-22.30
02.03	-17.01
03.03	-13.04
04.03	-12.32
05.03	 -6.00
06.03	 -8.49
07.03	-16.65
08.03	-21.32
09.03	-16.43
10.03	-15.91
11.03	-11.16
12.03	-15.29
13.03	-19.80
14.03	-10.74
15.03	-15.64
16.03	 -6.40
17.03	-12.40
18.03	-21.27
19.03	-23.75
20.03	-23.84
21.03	-17.69
22.03	-19.79
23.03	-21.81
24.03	-19.41
25.03	-15.29
26.03	 -9.53
27.03	-10.84
28.03	 -9.49
29.03	-12.78
30.03	-13.06
31.03	-14.07
01.04	-11.60
02.04	 -3.31
03.04	 -7.00
