01.01	 -5.55	 4.0
02.01	 -4.77	 4.0
03.01	 -1.57	 4.0
04.01	 -3.82	 5.0
05.01	 -6.13	 5.0
06.01	-10.04	 5.0
07.01	-10.30	 5.0
08.01	 -7.63	 5.0
09.01	 -8.46	 5.0
10.01	 -8.59	 5.0
11.01	 -6.80	 5.0
12.01	 -6.16	 5.0
13.01	 -1.03	 7.0
14.01	 -3.33	 6.0
15.01	 -5.24	 9.0
16.01	-11.33	12.0
17.01	-11.67	11.0
18.01	-11.86	11.0
19.01	-12.24	11.0
20.01	-12.77	10.0
21.01	-10.07	10.0
22.01	 -4.95	 9.0
23.01	 -5.03	 9.0
24.01	 -3.44	 9.0
25.01	 -5.97	 9.0
26.01	 -7.57	10.0
27.01	 -8.93	 9.0
28.01	 -7.14	 9.0
29.01	 -4.24	 9.0
30.01	 -2.09	 9.0
31.01	 -5.21	 8.0
01.02	 -4.70	 7.0
02.02	  1.00
03.02	 -0.36	 7.0
04.02	 -7.59	 7.0
05.02	-13.09	 7.0
06.02	-12.20	 7.0
07.02	-11.09	 7.0
08.02	-10.56	 7.0
09.02	 -5.47	 7.0
10.02	 -5.11	 6.0
11.02	 -5.44	 6.0
12.02	 -5.26	 6.0
13.02	 -7.34	 6.0
14.02	 -9.70	 5.0
15.02	 -7.69	 5.0
16.02	 -7.29	 5.0
17.02	 -3.87	 5.0
18.02	 -0.87	 6.0
19.02	  0.17	 7.0
20.02	 -1.09	 2.0
21.02	 -7.40	 2.0
22.02	-10.29	 2.0
23.02	-11.51	 2.0
24.02	-10.06	 2.0
25.02	 -4.97	 2.0
26.02	 -1.77	 2.0
27.02	 -0.41	 0.0
28.02	 -3.00	 2.0
29.02	 -1.39	 2.0
01.03	 -1.44	 0.0
02.03	  2.53	 0.0
03.03	  0.29	 0.0
04.03	 -1.70	 3.0
05.03	 -3.87	 4.0
06.03	 -3.78
07.03	 -5.29	 0.0
08.03	 -5.59	 0.0
09.03	 -4.20	 0.0
10.03	 -1.94	 0.0
11.03	 -2.65	 8.0
12.03	 -7.29	 8.0
13.03	 -4.44	 7.0
14.03	  0.84	 7.0
15.03	  1.79	 0.0
16.03	  1.64	 0.0
17.03	  3.81	 0.0
18.03	  2.84	 0.0
19.03	 -9.20	 8.0
20.03	 -7.67	 7.0
21.03	 -3.35	 0.0
22.03	 -1.45	 1.0
23.03	  3.64	 0.0
24.03	  2.51	 0.0
25.03	  1.87	 0.0
26.03	  0.47	 0.0
27.03	  3.82	 0.0
28.03	  7.12	 0.0
29.03	  6.15	 0.0
30.03	  7.10	 0.0
31.03	  8.48
01.04	  6.71	 0.0
02.04	  5.94	 0.0
03.04	  7.61	 0.0
04.04	  8.37	 0.0
05.04	  7.93	 0.0
06.04	  7.67	 0.0
07.04	  7.46	 0.0
08.04	  8.61	 0.0
09.04	  7.87	 0.0
10.04	  8.31	 0.0
11.04	  8.34	 0.0
12.04	  3.45	 0.0
