25.01	-16.90
26.01	-17.80	34.0
27.01	-16.82	34.0
28.01	-15.87	34.0
29.01	-16.13	34.0
30.01	-15.09	34.0
31.01	-13.32	39.0
01.02	-10.98	90.0
02.02	 -4.14	56.0
03.02	 -6.18	84.0
04.02	 -8.95	99.0
05.02	-12.58	113.0
06.02	-13.60	115.0
07.02	-14.22	120.0
08.02	-14.28	125.0
09.02	-14.58	135.0
10.02	-11.80	131.0
11.02	 -7.68	139.0
12.02	 -5.27	163.0
13.02	 -9.00
14.02	-10.83	181.0
15.02	-11.71	181.0
16.02	-12.20	181.0
17.02	-13.36	181.0
18.02	-14.08	181.0
19.02	-15.40	184.0
20.02	-17.36	190.0
21.02	-14.27	185.0
22.02	-11.34
23.02	-13.09
24.02	-17.27	186.0
25.02	-19.26	189.0
26.02	-24.35
27.02	-23.51	168.0
28.02	-17.27
01.03	-13.98	153.0
02.03	-16.03	153.0
03.03	-16.46	153.0
04.03	-17.74	156.0
05.03	-18.78	163.0
06.03	-14.84	176.0
07.03	-14.69	190.0
08.03	-12.87	190.0
09.03	 -8.10	190.0
10.03	 -7.18
11.03	 -7.39	190.0
12.03	 -6.90	190.0
13.03	 -6.50	190.0
14.03	 -4.37	188.0
15.03	 -5.46	177.0
16.03	 -5.89	191.0
17.03	 -6.28	181.0
18.03	 -9.64	181.0
19.03	 -8.16	181.0
20.03	 -8.80	177.0
22.03	 -6.45
23.03	 -6.90	171.0
24.03	 -5.81	171.0
25.03	 -7.33	175.0
26.03	 -6.62	175.0
27.03	 -5.86	175.0
28.03	 -6.70	190.0
29.03	 -6.88	190.0
30.03	 -5.63	190.0
31.03	 -5.62	175.0
01.04	 -6.07	175.0
02.04	 -6.51	175.0
03.04	 -5.48	182.0
04.04	 -8.53	170.0
06.04	 -4.53
07.04	 -4.70	161.0
08.04	 -5.11	154.0
09.04	 -6.00	161.0
10.04	 -4.38	165.0
11.04	 -5.80	168.0
12.04	 -5.76	168.0
13.04	 -4.72	165.0
14.04	 -4.12	161.0
15.04	 -4.67	161.0
16.04	 -3.50	158.0
17.04	 -2.47	158.0
18.04	 -2.35	153.0
19.04	 -1.42	153.0
20.04	  0.26	148.0
21.04	  2.40	148.0
22.04	  4.72	140.0
23.04	  6.27	132.0
24.04	  7.62	128.0
25.04	  8.00	121.0
26.04	  8.03	112.0
27.04	  9.01	100.0
28.04	  3.91	83.0
29.04	  1.67	67.0
30.04	  4.31	47.0
01.05	  6.08
02.05	  9.64	40.0
03.05	  9.74
04.05	  9.35	32.0
05.05	  2.90	25.0
06.05	  1.03
07.05	  0.20	25.0
08.05	  0.99	21.0
09.05	  0.77
10.05	  1.33	21.0
11.05	  0.10	21.0
12.05	  1.82	21.0
13.05	  5.00
14.05	  7.48	12.0
15.05	  9.32
16.05	 10.85	 0.0
17.05	  8.53	 0.0
18.05	  6.23	 0.0
19.05	  3.36	 0.0
20.05	  2.49	 0.0
21.05	  1.24	 0.0
22.05	  2.88	 0.0
23.05	  3.80	 0.0
24.05	  6.31	 0.0
25.05	  2.77	 0.0
26.05	  2.07	 0.0
27.05	  5.28	 0.0
28.05	  3.69	 0.0
29.05	  2.72	 0.0
30.05	  2.94	 0.0
31.05	  2.69	 0.0
01.06	  2.64	 0.0
02.06	  1.98	 0.0
03.06	  4.36	 0.0
04.06	  2.73	 0.0
05.06	  5.17	 0.0
06.06	  6.32	 0.0
07.06	  7.44	 0.0
08.06	  4.15
13.06	  5.60	 0.0
14.06	  7.06	 0.0
16.06	  9.70	 0.0
17.06	  6.68
18.06	  5.78	 0.0
19.06	  9.05
20.06	  8.36	 0.0
21.06	 10.52	 0.0
22.06	  9.27	 0.0
23.06	  9.30	 0.0
24.06	 10.64	 0.0
25.06	  9.85	 0.0
26.06	  7.07	 0.0
27.06	  8.94
28.06	  8.25	 0.0
29.06	  7.61	 0.0
30.06	  9.00	 0.0
05.07	  9.35	 0.0
06.07	 10.00	 0.0
07.07	 10.47	 0.0
08.07	  8.16	 0.0
09.07	 11.28	 0.0
10.07	 10.15	 0.0
11.07	 12.44	 0.0
12.07	 13.11	 0.0
13.07	 13.32	 0.0
14.07	 10.78	 0.0
15.07	  9.64	 0.0
16.07	  7.82	 0.0
17.07	  8.73	 0.0
18.07	  8.25	116.0
19.07	  7.78	 0.0
20.07	  8.08	 0.0
22.07	  9.82	 0.0
23.07	 12.58	 0.0
24.07	  9.57	 0.0
25.07	 10.78	 0.0
26.07	 11.15	 0.0
27.07	 10.28	 0.0
28.07	  7.68	 0.0
29.07	  6.33	 0.0
30.07	  5.76	 0.0
31.07	  2.40	 0.0
01.08	  9.68	 0.0
02.08	 11.90	 0.0
03.08	 13.66	 0.0
04.08	 15.60	 0.0
05.08	 14.97	 0.0
06.08	 15.11	 0.0
07.08	 14.04	 0.0
08.08	 11.86	 0.0
09.08	  7.40	 0.0
10.08	 10.28
11.08	 10.95	 0.0
12.08	 11.05	 0.0
13.08	 10.77	 0.0
14.08	 11.54	 0.0
15.08	 11.46	 0.0
16.08	 12.07	 0.0
17.08	 12.03	 0.0
18.08	 12.37	 0.0
19.08	 10.96	 0.0
20.08	 12.30	 0.0
21.08	 15.08	 0.0
22.08	 14.78	 0.0
23.08	 16.68
24.08	 16.64
25.08	 14.38	 0.0
26.08	  8.80	 0.0
27.08	  6.84	 0.0
28.08	  5.43	 0.0
29.08	  5.36	 0.0
30.08	  2.30	 0.0
31.08	  8.38	 0.0
01.09	  9.68	 0.0
02.09	 10.20	 0.0
03.09	 10.40	 0.0
04.09	 11.48	 0.0
05.09	 14.10	 0.0
06.09	 12.99	 0.0
07.09	 12.00	 0.0
08.09	 11.54	 0.0
09.09	 11.84	 0.0
10.09	 11.32	 0.0
11.09	 12.28	 0.0
12.09	 12.61	 0.0
13.09	 11.64	 0.0
14.09	  8.07
15.09	  4.32	 0.0
16.09	  3.18
17.09	  5.45	17.0
18.09	  3.84	 9.0
19.09	  6.27	 0.0
20.09	  6.96	 0.0
21.09	  3.34	 0.0
22.09	  5.25	 0.0
23.09	  4.15	 0.0
25.09	  3.75
26.09	  3.42	 0.0
27.09	  8.13	 0.0
28.09	  4.10	 0.0
29.09	  2.86	 0.0
30.09	  1.77	 0.0
02.10	  6.60
03.10	  6.33	 0.0
04.10	  6.43	 0.0
05.10	 -1.63	 0.0
06.10	  0.07	 0.0
07.10	 -0.99	 0.0
08.10	  0.38	 0.0
09.10	  0.43	 0.0
10.10	 -0.50	 0.0
11.10	 -1.40	 0.0
12.10	 -0.29	 8.0
13.10	 -2.04
14.10	 -2.94	22.0
15.10	 -1.69	16.0
16.10	 -0.68	12.0
17.10	  0.66	 6.0
18.10	  0.54	 0.0
19.10	 -2.24	 0.0
20.10	 -0.97	 0.0
21.10	 -1.24	 7.0
22.10	 -1.90	 0.0
23.10	 -3.70	15.0
24.10	 -5.42	23.0
25.10	 -5.76	23.0
26.10	 -3.87	22.0
27.10	 -2.60	23.0
28.10	 -4.41	29.0
29.10	 -5.13	48.0
30.10	 -3.96	32.0
31.10	 -3.00	35.0
01.11	 -4.44	50.0
02.11	 -5.24	42.0
03.11	 -5.90	42.0
04.11	 -5.82	75.0
05.11	 -6.50	75.0
06.11	 -5.28	75.0
07.11	 -6.43	75.0
08.11	 -5.73	88.0
09.11	 -7.66	80.0
10.11	 -9.20	84.0
11.11	 -9.39	84.0
12.11	 -8.39	84.0
13.11	 -7.84	84.0
14.11	 -5.91	87.0
15.11	 -9.36	90.0
16.11	 -9.10	79.0
17.11	 -9.89	83.0
18.11	 -6.79	97.0
19.11	 -5.94	108.0
20.11	-11.20	95.0
21.11	 -8.14	90.0
22.11	 -5.86	94.0
23.11	 -5.29	94.0
24.11	 -4.23	102.0
25.11	 -9.20	94.0
26.11	 -7.18	100.0
27.11	 -8.95	115.0
28.11	-10.13	119.0
29.11	-13.93	109.0
30.11	-11.60
01.12	-13.25	97.0
02.12	 -8.34	89.0
03.12	-11.24	93.0
04.12	-11.77	93.0
05.12	-11.44	98.0
06.12	-14.07	94.0
07.12	-17.71	94.0
08.12	-17.57	94.0
09.12	-16.42	94.0
10.12	-12.20	94.0
11.12	-12.63	94.0
12.12	-12.34	94.0
13.12	-11.40	96.0
14.12	-12.68	96.0
15.12	-15.31	94.0
16.12	-14.71	96.0
17.12	-15.46	96.0
18.12	-12.81	96.0
19.12	-11.20	96.0
20.12	-19.84	96.0
21.12	-24.24	96.0
22.12	-25.55	96.0
23.12	-20.71	96.0
24.12	-15.33	96.0
25.12	-13.56	96.0
26.12	-13.40	98.0
27.12	-14.01	103.0
28.12	-15.43	108.0
29.12	-18.04	108.0
30.12	-15.14	97.0
31.12	-14.22	101.0
