19.01	-17.04	127.0
20.01	-16.05	129.0
21.01	 22.30
25.01	-16.27	144.0
26.01	-14.75
27.01	-15.16
28.01	-15.33	162.0
29.01	-15.98	175.0
01.02	-17.23	169.0
02.02	-17.75	169.0
03.02	-16.50
04.02	-15.68	163.0
05.02	-15.36	167.0
06.02	-14.11	170.0
07.02	-12.46	172.0
08.02	-17.24	158.0
09.02	-16.41	156.0
10.02	-23.34	154.0
11.02	-15.70
12.02	-18.37	155.0
13.02	-18.45	157.0
14.02	-20.20	157.0
15.02	-23.78
16.02	-22.46	157.0
17.02	-19.03	157.0
18.02	-14.50	157.0
19.02	-11.97	161.0
20.02	-13.97
21.02	-12.30	173.0
22.02	 -9.46
23.02	-11.34	177.0
24.02	-10.78	182.0
25.02	-12.12	184.0
26.02	-11.12
27.02	-13.64	183.0
28.02	-13.10	188.0
01.03	-11.90
02.03	-12.10
03.03	-11.00
05.03	-12.52	186.0
06.03	 -5.07
07.03	  0.70
09.03	 -5.40
10.03	-11.62
11.03	-12.94	178.0
12.03	-11.75	181.0
13.03	-10.68	181.0
14.03	 -7.54
15.03	 -9.01	181.0
16.03	 -8.78	181.0
17.03	 -8.32	181.0
18.03	 -9.70
22.03	-11.64	177.0
23.03	-11.28	187.0
24.03	-11.25	187.0
25.03	-10.11	187.0
26.03	 -9.53	187.0
27.03	 -9.97	191.0
28.03	 -9.88	192.0
29.03	-10.01	192.0
30.03	 -8.67	199.0
31.03	 -9.00
01.04	 -8.54
02.04	 -8.60
03.04	 -8.73
04.04	 -8.42
05.04	 -8.62
06.04	 -8.10	198.0
07.04	 -6.09
08.04	 -8.70
10.04	 -1.55
11.04	 -4.78	187.0
12.04	 -4.28	187.0
13.04	 -6.62	187.0
14.04	  2.30
15.04	 -0.50	179.0
16.04	 -0.48	178.0
17.04	  0.82	172.0
18.04	  0.17	167.0
19.04	  1.18	163.0
20.04	  1.37	155.0
21.04	 -2.00	151.0
22.04	 -1.98	153.0
23.04	 -0.50
24.04	  0.48	141.0
25.04	  1.30	130.0
26.04	  4.15	122.0
27.04	  1.75	112.0
28.04	  3.30	104.0
29.04	  2.35
30.04	  4.40	86.0
01.05	  0.08	79.0
02.05	  0.38	73.0
03.05	  2.26	67.0
04.05	  1.54	43.0
05.05	  2.17
06.05	  5.07	14.0

17.05	 -0.77	15.0
18.05	 -0.65	12.0
19.05	 -0.55	 6.0
20.05	  2.45
21.05	  1.46
22.05	  0.63	 0.0
23.05	  1.00	 0.0
24.05	  2.20	 0.0
25.05	  4.52	 0.0
26.05	  1.67	 0.0
27.05	 -0.96	 0.0
28.05	  0.74	 0.0
29.05	  4.36
30.05	  4.93	 0.0
31.05	  4.88	 0.0
01.06	  4.33	 0.0
02.06	 -0.15
03.06	 -2.30
04.06	 -0.82	 0.0
05.06	  0.01	 0.0
06.06	  0.07	 0.0
07.06	  1.10	 0.0
08.06	  1.24	 0.0
09.06	  6.20
10.06	  5.02	 0.0
11.06	  4.02
12.06	  2.18	 0.0
13.06	  1.96	 0.0
14.06	  3.07
15.06	  4.16	 0.0
16.06	  5.27	 0.0
22.06	  7.08	 0.0
23.06	  7.17	 0.0
24.06	  1.82	 0.0
25.06	  2.27	 0.0
26.06	  6.28	 0.0
27.06	  6.30	 0.0
28.06	  5.64	 0.0
29.06	  8.25	 0.0
30.06	  5.43	 0.0
01.07	  7.58	 0.0
02.07	  8.18	 0.0
03.07	  8.78	 0.0
04.07	  6.37	 0.0
05.07	  5.78
06.07	  5.75	 0.0
07.07	  9.40	 0.0
08.07	 10.23	 0.0
09.07	  9.86	 0.0
10.07	  9.12
11.07	  7.75	 0.0
12.07	  5.14	 0.0
13.07	  5.38
14.07	  7.70	 0.0
15.07	  9.99	 0.0
16.07	 11.56	 0.0
17.07	 13.11	 0.0
18.07	 10.94	 0.0
19.07	  9.08	 0.0
20.07	  7.54	 0.0
21.07	  3.30	 0.0
22.07	  5.18	 0.0
23.07	  3.77	 0.0
26.07	 10.00
27.07	  5.71	 0.0
28.07	 10.74	 0.0
29.07	  6.25
30.07	  5.46
31.07	  6.14	 0.0
01.08	  7.16	 0.0
02.08	  9.51	 0.0
03.08	  6.40
07.08	  6.90
08.08	  8.38	 0.0
09.08	 11.67	 0.0
10.08	 10.75	 0.0
11.08	 11.75	 0.0
12.08	 10.70	 0.0
13.08	 11.33	 0.0
14.08	 10.57	 0.0
15.08	 10.43	 0.0
16.08	 11.73	 0.0
17.08	 10.89	 0.0
18.08	 12.46
19.08	 11.03	 0.0
20.08	 12.37	 0.0
21.08	 12.61	 0.0
22.08	 13.43	 0.0
23.08	 10.00	 0.0
24.08	  1.04	 0.0
25.08	  3.23	 0.0
26.08	  7.38	 0.0
27.08	  8.42	 0.0
28.08	  8.48	 0.0
29.08	  7.47	 0.0
30.08	  9.09	 0.0
31.08	 10.56	 0.0
01.09	  9.72	 0.0
02.09	  7.93	 0.0
03.09	  8.40	 0.0
04.09	  6.57	 0.0
05.09	  8.57	 0.0
06.09	  4.71	 0.0
07.09	  5.76	 0.0
08.09	  6.00	 0.0
09.09	  6.93	 0.0
10.09	  5.44	 0.0
11.09	  5.67	 0.0
12.09	 -0.86	 0.0
13.09	 -2.73	 6.0
14.09	  1.23	 0.0
15.09	  3.66	 0.0
16.09	 -4.18	10.0
17.09	 -6.36	 0.0
18.09	 -5.21	33.0
19.09	 -6.10	33.0
24.09	  1.03	 0.0
25.09	  0.04	 0.0
26.09	  0.54	 0.0
27.09	 -0.35	 0.0
28.09	 -1.67	 8.0
29.09	 -0.59	 0.0
30.09	 -0.89	 0.0
01.10	  2.62	 0.0
02.10	  4.81	 0.0
03.10	  5.87	 0.0
04.10	  4.37	 0.0
05.10	  4.53	 0.0
06.10	  4.58	 0.0
07.10	  1.62	 0.0
08.10	 -0.13	 0.0
09.10	 -1.92	 0.0
10.10	 -2.71	 0.0
11.10	 -2.97	 4.0
12.10	  0.11	 0.0
13.10	 -2.30	 8.0
14.10	 -2.33
15.10	 -0.37	12.0
16.10	  4.19	 0.0
17.10	  4.90	 0.0
18.10	  4.27	 0.0
19.10	  2.27	 0.0
20.10	  0.16	 0.0
21.10	 -3.34	 0.0
22.10	 -3.54	 0.0
23.10	 -2.46	 0.0
24.10	 -0.04	 0.0
25.10	 -0.19	 0.0
26.10	 -0.03	 0.0
27.10	 -0.82	 0.0
28.10	 -1.60
29.10	 -1.76
30.10	 -4.46	19.0
31.10	 -3.05	19.0
01.11	  1.01	12.0
02.11	  0.99	13.0
03.11	 -1.50	16.0
04.11	 -2.81	20.0
05.11	 -3.88	21.0
06.11	 -5.24	23.0
07.11	 -4.45	43.0
08.11	 -0.49	23.0
09.11	  3.25	12.0
10.11	  2.46	13.0
11.11	  2.52
12.11	 -0.56	 6.0
13.11	 -1.76	 9.0
14.11	 -0.76	 9.0
15.11	 -0.13	 9.0
16.11	 -1.06	 9.0
17.11	 -1.02
18.11	 -0.09	 9.0
19.11	 -2.93	 9.0
20.11	 -5.80	 9.0
21.11	 -5.80	 9.0
22.11	 -5.10
23.11	 -3.58	 9.0
