19.01	 -3.06	30.0
20.01	 -0.30	 0.0
21.01	  1.80	30.0
25.01	 -4.45	28.0
26.01	  0.70
27.01	 -0.85
28.01	 -2.90
29.01	 -7.20	40.0
01.02	 -3.54	39.0
02.02	 -3.80	39.0
03.02	 -0.32
04.02	  0.60	39.0
05.02	  0.60	38.0
06.02	 -0.30	37.0
07.02	 -0.10	38.0
09.02	-12.90
11.02	 -2.40
12.02	 -5.80	40.0
13.02	 -6.23
14.02	 -9.43
15.02	-11.60	40.0
16.02	 -8.72	40.0
17.02	 -4.37	40.0
18.02	  0.68	40.0
19.02	  2.80	40.0
20.02	  3.90
21.02	  4.52	34.0
22.02	  3.00
23.02	  3.52	27.0
24.02	  3.48	28.0
25.02	  1.66	26.0
26.02	  2.05
27.02	  0.53	27.0
28.02	  4.30	27.0
01.03	  4.17
02.03	  3.08	23.0
04.03	  3.65	20.0
05.03	  4.72
06.03	  2.10	16.0
07.03	  5.52	12.0
08.03	  5.72	10.0
09.03	  3.84	 5.0
10.03	  6.06	 0.0
11.03	  6.93	 0.0
12.03	  3.12	 0.0
13.03	  1.62	 0.0
14.03	  4.14	 1.0
15.03	  7.93	 0.0
16.03	  9.42	 0.0
17.03	  9.84	 0.0
18.03	 12.40	 0.0
19.03	 15.22	 0.0
20.03	  4.53	 0.0
21.03	  2.08	 0.0
22.03	  2.58	 2.0
23.03	  4.51	 0.0
24.03	  6.00	 0.0
25.03	  6.36	 0.0
26.03	  8.03	 0.0
27.03	  3.70	 0.0
28.03	  4.53
29.03	  4.88	 0.0
30.03	  5.00
31.03	  8.78
01.04	  7.42	 0.0
02.04	  6.10
03.04	  6.28	 1.0
04.04	  6.47	 0.0
05.04	  7.63	 0.0
06.04	  7.83	 0.0
07.04	  6.67	 0.0
08.04	 10.92	 0.0
09.04	 13.44
10.04	 10.83	 0.0
11.04	  8.16
12.04	  6.63	 0.0
13.04	  9.73	 0.0
14.04	 12.37
15.04	 10.72	 0.0
16.04	 11.20	 0.0
17.04	 12.28	 0.0
18.04	 12.83	 0.0
19.04	 11.82	 0.0
20.04	 13.18	 0.0
21.04	 10.70	 0.0
22.04	 10.73	 0.0
23.04	 11.42
24.04	 12.00	 0.0
25.04	 12.00	 0.0
26.04	 10.42	 0.0
27.04	 11.24	 0.0
28.04	 11.77	 0.0
29.04	 12.75	 0.0
30.04	 13.40	 0.0
01.05	 13.12	 0.0
02.05	 11.45	 0.0
03.05	 11.05	 0.0
04.05	 11.02	 0.0
05.05	 10.63	 0.0
06.05	 14.22	 0.0
07.05	  9.53
08.05	 12.16	 0.0
09.05	 12.56	 0.0
10.05	 12.00	 0.0
11.05	 13.08	 0.0
12.05	 12.03	 0.0
13.05	 11.93	 0.0
14.05	 10.10	 0.0
15.05	 12.49	 0.0
16.05	  9.77	 0.0
17.05	  9.79	 0.0
18.05	 10.44	 0.0
19.05	 11.29	 0.0
20.05	 13.52
21.05	 10.02	 0.0
22.05	  8.55	 0.0
23.05	 10.80	 0.0
24.05	 11.43	 0.0
25.05	 14.30	 0.0
26.05	 11.51	 0.0
27.05	 11.77	 0.0
28.05	 12.28	 0.0
29.05	 17.04
30.05	 15.31	 0.0
31.05	 15.82	 0.0
01.06	 14.82	 0.0
02.06	  9.73	 0.0
03.06	 10.07
04.06	 11.13	 0.0
05.06	 13.43	 0.0
06.06	 11.99	 0.0
07.06	 12.84	 0.0
08.06	 13.60	 0.0
09.06	 15.60
10.06	 16.52	 0.0
11.06	 14.45
12.06	 12.20	 0.0
13.06	 13.46	 0.0
14.06	 16.30
15.06	 15.66	 0.0
16.06	 13.60	 0.0
17.06	 13.11	 0.0
18.06	 15.21	 0.0
19.06	 10.30	 0.0
21.06	 19.16
22.06	 17.96	 0.0
23.06	 17.23	 0.0
24.06	 13.23	 0.0
25.06	 12.00	 0.0
26.06	 15.75	 0.0
27.06	 16.21	 0.0
28.06	 13.55	 0.0
29.06	 12.49	 0.0
30.06	 15.46	 0.0
01.07	 16.66	 0.0
02.07	 16.50	 0.0
03.07	 17.47	 0.0
04.07	 15.41	 0.0
05.07	 17.00
06.07	 16.34	 0.0
07.07	 18.63	 0.0
08.07	 19.32	 0.0
09.07	 18.87	 0.0
10.07	 18.58
11.07	 17.34	 0.0
12.07	 15.80	 0.0
13.07	 14.80
14.07	 17.64	 0.0
15.07	 19.53	 0.0
16.07	 21.59	 0.0
17.07	 22.49	 0.0
18.07	 20.73	 0.0
19.07	 19.18	 0.0
20.07	 18.30	 0.0
21.07	 11.76	 0.0
22.07	 15.55	 0.0
23.07	 13.00	 0.0
27.07	 20.38
28.07	 19.03	 0.0
29.07	 15.21	 0.0
30.07	 14.28
31.07	 16.44	 0.0
01.08	 17.67	 0.0
02.08	 19.94	 0.0
03.08	 14.70	 0.0
04.08	 15.73	 0.0
05.08	 19.07	 0.0
06.08	 16.31	 0.0
07.08	 17.40	 0.0
08.08	 17.41	 0.0
09.08	 18.33	 0.0
10.08	 19.19	 0.0
11.08	 19.63	 0.0
12.08	 21.03	 0.0
13.08	 18.73	 0.0
14.08	 19.04	 0.0
15.08	 19.07	 0.0
16.08	 19.23	 0.0
17.08	 20.09	 0.0
18.08	 21.38	 0.0
19.08	 19.87	 0.0
20.08	 21.47	 0.0
21.08	 20.49	 0.0
22.08	 24.30	 0.0
23.08	 17.07	 0.0
24.08	 11.78	 0.0
25.08	 14.03	 0.0
26.08	 15.86	 0.0
27.08	 17.51	 0.0
28.08	 17.43	 0.0
29.08	 18.07	 0.0
30.08	 19.09	 0.0
31.08	 19.64	 0.0
01.09	 19.24	 0.0
02.09	 18.96	 0.0
03.09	 16.71	 0.0
04.09	 17.78	 0.0
05.09	 18.27	 0.0
06.09	 12.36	 0.0
07.09	 16.35	 0.0
08.09	 17.34	 0.0
09.09	 17.83	 0.0
10.09	 16.89	 0.0
11.09	 15.56	 0.0
12.09	 10.17	 0.0
13.09	 10.92	 0.0
14.09	 14.90	 0.0
15.09	 12.51	 0.0
16.09	  6.59	 0.0
17.09	  6.75	 0.0
18.09	  7.33	 0.0
19.09	  9.52	 0.0
20.09	 10.73	 0.0
21.09	 11.85	 0.0
22.09	 11.27	 0.0
23.09	 14.25
24.09	 11.91	 0.0
25.09	 12.19	 0.0
26.09	 11.97	 0.0
27.09	 12.98	 0.0
28.09	 10.11	 0.0
29.09	 11.31	 0.0
30.09	 11.56	 0.0
01.10	 11.46	 0.0
02.10	 12.29	 0.0
03.10	 13.51	 0.0
04.10	 13.63	 0.0
05.10	 14.27	 0.0
06.10	 11.59	 0.0
07.10	 10.39	 0.0
08.10	 11.01	 0.0
09.10	 10.14	 0.0
10.10	 10.66	 0.0
11.10	 12.12	 0.0
12.10	 11.84	 0.0
13.10	 11.24	 0.0
14.10	  7.78	 0.0
15.10	 11.33	 0.0
16.10	 11.93	 0.0
17.10	 12.41	 0.0
18.10	 12.59	 0.0
19.10	 12.33	 0.0
20.10	 11.82	 0.0
21.10	 10.94	 0.0
22.10	  5.86	 0.0
23.10	  4.39	 0.0
24.10	  4.73	 0.0
25.10	  5.71	 0.0
26.10	  6.29	 0.0
27.10	  7.09	 0.0
28.10	  6.80
29.10	  8.00
30.10	  6.23	 0.0
31.10	  5.26
01.11	  7.09	 0.0
02.11	  8.36	 0.0
03.11	  4.23	 0.0
04.11	  4.20	 0.0
05.11	  4.19	 0.0
06.11	  4.32	 0.0
07.11	  4.76	 0.0
08.11	  4.15	 0.0
09.11	  5.92	 0.0
10.11	  4.67	 0.0
11.11	  4.61	 0.0
12.11	  4.00	 0.0
13.11	  3.93	 0.0
14.11	  3.70	 0.0
15.11	  3.86	 0.0
16.11	  2.77	 0.0
17.11	  4.63
18.11	  4.96	 0.0
19.11	  1.81	 0.0
20.11	  3.82	 0.0
21.11	  4.00
22.11	  3.10
23.11	  2.20	 0.0
