25.01	 -3.60
26.01	 -3.37	 0.0
27.01	 -1.34	 0.0
28.01	  1.04	 0.0
29.01	 -1.23	 0.0
30.01	 -0.27	 0.0
31.01	  1.68	 0.0
01.02	  1.49	 0.0
02.02	  1.90	 0.0
03.02	  1.50	 3.0
04.02	 -1.43	 7.0
05.02	 -3.32
06.02	 -5.63	11.0
07.02	 -5.06	10.0
08.02	 -2.35	 8.0
09.02	 -7.82	 8.0
10.02	 -8.30	 7.0
11.02	 -0.11	 7.0
12.02	  0.72	24.0
13.02	 -2.43
14.02	 -5.03	23.0
15.02	 -5.14	21.0
16.02	 -2.40	19.0
17.02	 -2.41	18.0
18.02	 -0.25	15.0
19.02	 -3.24	15.0
20.02	 -2.59	15.0
21.02	  0.06	15.0
22.02	  0.83	15.0
23.02	 -1.27	13.0
24.02	 -4.32	12.0
25.02	 -6.00	11.0
26.02	-10.36
27.02	 -8.16	11.0
28.02	 -4.60
01.03	 -5.89	11.0
02.03	 -4.76	10.0
03.03	 -3.73	10.0
04.03	 -5.10	10.0
05.03	 -4.57	10.0
06.03	 -0.92	10.0
07.03	 -1.33	11.0
08.03	 -2.26	10.0
09.03	  0.23	10.0
10.03	  4.68
11.03	  4.93	 8.0
12.03	  3.76	 0.0
13.03	  5.03	 0.0
14.03	  8.31	 0.0
15.03	  7.45	 0.0
16.03	  4.20	 1.0
17.03	  0.73	 0.0
18.03	 -1.03	 0.0
19.03	  1.47	 0.0
20.03	  1.90	 0.0
21.03	  3.96	 0.0
22.03	  4.53	 0.0
23.03	  6.14	 0.0
24.03	  8.10	 0.0
25.03	  3.77	 0.0
26.03	  4.57	 0.0
27.03	  2.37	 1.0
28.03	  5.61	 0.0
29.03	  3.57	 0.0
30.03	  4.79	 0.0
31.03	  4.06	 1.0
01.04	  4.20	 0.0
02.04	  4.32	 0.0
03.04	  0.55	 0.0
04.04	  1.27	 0.0
06.04	  9.93
07.04	  7.20	 0.0
08.04	  6.42	 0.0
09.04	  7.19	 0.0
10.04	  8.17	 0.0
11.04	  6.97	 0.0
12.04	  9.28	 0.0
13.04	  9.87	 0.0
14.04	  9.31	 0.0
15.04	  4.40	 0.0
16.04	  6.94	 0.0
17.04	  8.34	 0.0
18.04	  8.37	 0.0
19.04	  7.61	 0.0
20.04	 10.15	 0.0
21.04	 11.42	 0.0
22.04	 13.66	 0.0
23.04	 14.78	 0.0
24.04	 15.46	 0.0
25.04	 15.30	 0.0
26.04	 16.41	 0.0
27.04	 17.67	 0.0
28.04	 11.56	 0.0
29.04	 11.91	 0.0
30.04	 12.84	 0.0
01.05	 14.80	 0.0
02.05	 17.22	 0.0
03.05	 16.57	 0.0
04.05	 17.53	 0.0
05.05	 10.59	 0.0
06.05	 11.36	 0.0
07.05	 10.55	 0.0
08.05	 11.35	 0.0
09.05	  8.90	 0.0
10.05	  8.74	 0.0
11.05	  9.50	 0.0
12.05	  9.97	 0.0
13.05	 10.00
14.05	 15.96	 0.0
15.05	 17.26	 0.0
16.05	 17.61	 0.0
17.05	 17.56	 0.0
18.05	 16.83	 0.0
19.05	 12.68	 0.0
20.05	 12.77	 0.0
21.05	 11.69	 0.0
22.05	 14.31	 0.0
23.05	 14.30	 0.0
24.05	 16.35	 0.0
25.05	 10.17
26.05	 10.61	 0.0
27.05	 12.73	 0.0
28.05	 14.51	 0.0
29.05	 11.73	 0.0
30.05	 15.94	 0.0
31.05	 15.22	 0.0
01.06	 14.35	 0.0
02.06	 13.16	 0.0
03.06	 15.43	 0.0
04.06	 11.68	 0.0
05.06	 12.91	 0.0
06.06	 16.90
07.06	 16.59	 0.0
08.06	 16.37	 0.0
09.06	 17.17	 0.0
10.06	 14.79	 0.0
11.06	 13.63	 0.0
12.06	 13.07	 0.0
13.06	 15.21	 0.0
14.06	 16.81	 0.0
15.06	 18.76	 0.0
16.06	 19.83	 0.0
17.06	 16.20
18.06	 16.36	 0.0
19.06	 18.17
20.06	 17.91	 0.0
21.06	 20.73	 0.0
22.06	 18.43	 0.0
23.06	 18.15	 0.0
24.06	 22.00	 0.0
25.06	 18.14	 0.0
26.06	 18.36	 0.0
27.06	 18.90	 0.0
28.06	 18.43	 0.0
29.06	 18.71	 0.0
30.06	 16.23	 0.0
01.07	 18.98	 0.0
02.07	 14.98	 0.0
03.07	 17.61	 0.0
04.07	 18.60	 0.0
05.07	 21.67	 0.0
06.07	 19.97	 0.0
07.07	 20.13	 0.0
08.07	 16.99	 0.0
09.07	 18.78	 0.0
10.07	 18.25	 0.0
11.07	 21.46	 0.0
12.07	 22.88	 0.0
13.07	 21.80	 0.0
14.07	 19.87	 0.0
15.07	 19.26	 0.0
16.07	 19.40	 0.0
17.07	 19.33	 0.0
18.07	 18.87	 0.0
19.07	 18.67	 0.0
20.07	 18.66	 0.0
21.07	 19.27	 0.0
22.07	 20.23	 0.0
23.07	 20.60	 0.0
24.07	 19.92	 0.0
25.07	 21.45	 0.0
26.07	 20.96	 0.0
27.07	 19.16	 0.0
28.07	 19.46	 0.0
29.07	 18.72
30.07	 15.43	 0.0
31.07	  9.00	 0.0
01.08	 20.03	 0.0
02.08	 22.13	 0.0
03.08	 22.99	 0.0
04.08	 23.71	 0.0
05.08	 25.15
06.08	 24.63	 0.0
07.08	 23.66	 0.0
08.08	 19.88	 0.0
09.08	 18.30	 0.0
10.08	 21.56
11.08	 20.43	 0.0
12.08	 20.31	 0.0
13.08	 19.93	 0.0
14.08	 21.37	 0.0
15.08	 19.74	 0.0
16.08	 18.71	 0.0
17.08	 18.94	 0.0
18.08	 20.20	 0.0
19.08	 19.62	 0.0
20.08	 19.42	 0.0
21.08	 21.43	 0.0
22.08	 20.98	 0.0
23.08	 24.20
24.08	 23.07
25.08	 20.57	 0.0
26.08	 18.23	 0.0
27.08	 12.83	 0.0
28.08	 14.41	 0.0
29.08	 14.42	 0.0
30.08	 12.33	 0.0
31.08	 15.11	 0.0
01.09	 16.97	 0.0
02.09	 17.13	 0.0
03.09	 17.53	 0.0
04.09	 18.51	 0.0
05.09	 19.37	 0.0
06.09	 19.10	 0.0
07.09	 19.08	 0.0
08.09	 18.44	 0.0
09.09	 19.45	 0.0
10.09	 19.15	 0.0
11.09	 18.29	 0.0
12.09	 18.16	 0.0
13.09	 18.73	 0.0
14.09	 16.54	 0.0
15.09	 11.56	 0.0
16.09	 12.68
17.09	 13.57	 0.0
18.09	 12.99	 0.0
19.09	 12.96	 0.0
20.09	 12.37	 0.0
21.09	 13.11	 0.0
22.09	 13.50	 0.0
23.09	 10.77	 0.0
24.09	 13.20	 0.0
25.09	 13.30	 0.0
26.09	 13.27	 0.0
27.09	 12.93	 0.0
28.09	 12.74	 0.0
29.09	 13.50	 0.0
30.09	 11.81	 0.0
01.10	 12.49	 0.0
02.10	 14.17	 0.0
03.10	 15.33	 0.0
04.10	 15.50	 0.0
05.10	 12.60	 0.0
06.10	 10.19	 0.0
07.10	 10.17	 0.0
08.10	  8.93	 0.0
09.10	 10.10	 0.0
10.10	  9.43	 0.0
11.10	  8.59	 0.0
12.10	  9.87	 0.0
13.10	  6.34	 0.0
14.10	  8.27	 0.0
15.10	  8.36	 0.0
16.10	  9.04	 0.0
17.10	  9.21	 0.0
18.10	  9.96	 0.0
19.10	  8.80	 0.0
20.10	  8.63	 0.0
21.10	  8.74	 0.0
22.10	  6.03
23.10	  5.92
24.10	  5.00	 0.0
25.10	  4.83	 0.0
26.10	  6.60	 0.0
27.10	  7.55	 0.0
28.10	  5.23	 0.0
29.10	  1.61	 0.0
30.10	  1.17	 4.0
31.10	  4.00	 2.0
01.11	  2.94	 0.0
02.11	  4.19	 0.0
03.11	  3.73	 0.0
04.11	  2.49	 1.0
05.11	  2.04	 0.0
06.11	  4.52	 0.0
07.11	  7.13	 0.0
08.11	 -2.27	 1.0
09.11	 -0.13	 1.0
10.11	  5.13	 0.0
11.11	  4.24	 0.0
12.11	  5.01	 0.0
13.11	  4.12	 0.0
14.11	  2.53	 1.0
15.11	  0.70	 0.0
16.11	  4.06	 0.0
17.11	  5.10	 0.0
18.11	  4.54	 0.0
19.11	  3.21	 0.0
20.11	  3.93	 0.0
21.11	  6.36	 0.0
22.11	  6.59	 0.0
23.11	  5.24	 0.0
24.11	  1.67	 0.0
25.11	  0.34	 0.0
26.11	  0.24	 0.0
27.11	 -0.70	 0.0
28.11	  1.20	 0.0
29.11	  0.54	 0.0
30.11	  1.58
01.12	  5.17	 0.0
02.12	  2.53	 0.0
03.12	 -2.41	 0.0
04.12	 -1.56	 0.0
05.12	 -6.97	 1.0
06.12	 -9.57	 1.0
07.12	 -9.33	 1.0
08.12	 -3.30	 1.0
09.12	 -2.40	 1.0
10.12	 -1.47	 0.0
11.12	 -4.81	 0.0
12.12	 -2.81	 0.0
13.12	 -6.04	 0.0
14.12	 -5.31	 0.0
15.12	 -6.08	 0.0
16.12	 -6.51	 0.0
17.12	 -6.24	 0.0
18.12	 -1.53	 0.0
19.12	 -6.33	 0.0
20.12	-12.67	 0.0
21.12	-11.65	 0.0
22.12	-10.34	 0.0
23.12	 -8.21	 0.0
24.12	 -3.93	 0.0
25.12	 -1.29	 3.0
26.12	  0.27	 4.0
27.12	 -4.20	 6.0
28.12	 -3.93	 5.0
29.12	 -6.06	 0.0
30.12	 -3.37	 4.0
31.12	 -8.00	 4.0
