01.01	-18.60	82.0
02.01	-15.63	82.0
03.01	-14.39	85.0
04.01	-14.14	89.0
05.01	-14.67	98.0
06.01	-18.69	93.0
07.01	-20.13	93.0
08.01	-18.77	93.0
09.01	-14.36	93.0
10.01	-16.15	93.0
11.01	-13.47	93.0
12.01	-12.53	93.0
13.01	-15.17	93.0
14.01	 -9.42	116.0
15.01	-12.70	104.0
16.01	-14.90	100.0
17.01	-22.11	100.0
18.01	-19.44	100.0
19.01	-19.05	100.0
20.01	-19.50	100.0
21.01	-21.30	100.0
22.01	-15.88	100.0
23.01	-14.98	100.0
24.01	-15.09	100.0
25.01	-15.71	100.0
26.01	-15.23	118.0
27.01	-21.69	114.0
28.01	-21.31	114.0
29.01	-18.30	114.0
30.01	-15.10	114.0
31.01	-16.97	121.0
01.02	-17.13	117.0
02.02	-13.20
03.02	-12.96	125.0
04.02	-14.04	129.0
05.02	-19.84	124.0
06.02	-23.67	124.0
07.02	-20.71	124.0
08.02	-18.62	124.0
09.02	-15.70	124.0
10.02	-15.03	124.0
11.02	-12.96	124.0
12.02	-13.51	124.0
13.02	-13.24	124.0
14.02	-16.70	124.0
15.02	-15.90	124.0
16.02	-18.99	124.0
17.02	-17.19	124.0
18.02	-12.65	138.0
19.02	-11.43	153.0
20.02	-11.51	148.0
21.02	-13.96	157.0
22.02	-15.56	152.0
23.02	-18.45	147.0
24.02	-18.04	147.0
25.02	-18.34	147.0
26.02	-16.10	147.0
27.02	-14.25	155.0
28.02	-12.73	163.0
29.02	-12.04	163.0
01.03	-11.99	163.0
02.03	-11.13	163.0
03.03	-11.10	169.0
04.03	-11.33	178.0
05.03	-10.38	187.0
06.03	-11.97
07.03	-12.76	164.0
08.03	-12.16	164.0
09.03	-11.60	164.0
10.03	-11.57	164.0
11.03	-11.54	175.0
12.03	-11.77	184.0
13.03	-13.48	172.0
14.03	-11.99	172.0
15.03	-13.45	172.0
16.03	-10.73	189.0
17.03	 -9.90	194.0
18.03	-10.95	186.0
19.03	-14.00	184.0
20.03	-16.48	177.0
21.03	-16.77	169.0
22.03	-14.39	140.0
23.03	-12.06	140.0
24.03	-10.99	140.0
25.03	 -8.57	140.0
26.03	-10.43	140.0
27.03	-10.24	140.0
28.03	 -8.89	140.0
29.03	 -8.46	140.0
30.03	 -7.33	140.0
31.03	 -7.54	140.0
01.04	 -6.97	177.0
02.04	 -7.47	177.0
03.04	 -7.46	177.0
04.04	 -5.69	177.0
05.04	 -5.10	174.0
06.04	 -5.80
