01.01	-18.60	82.0
02.01	-15.63	82.0
03.01	-14.39	85.0
04.01	-14.14	89.0
05.01	-14.67	98.0
06.01	-18.69	93.0
07.01	-20.13	93.0
08.01	-18.77	93.0
09.01	-14.36	93.0
10.01	-16.15	93.0
11.01	-13.47	93.0
12.01	-12.53	93.0
13.01	-15.17	93.0
14.01	 -9.42	116.0
15.01	-12.70	104.0
16.01	-14.90	100.0
17.01	-22.11	100.0
18.01	-19.44	100.0
19.01	-19.05	100.0
20.01	-19.50	100.0
21.01	-21.30	100.0
22.01	-15.88	100.0
23.01	-14.98	100.0
24.01	-15.09	100.0
25.01	-15.71	100.0
26.01	-15.23	118.0
27.01	-21.69	114.0
28.01	-21.31	114.0
29.01	-18.30	114.0
30.01	-15.10	114.0
31.01	-16.97	121.0
01.02	-17.13	117.0
02.02	-13.20
03.02	-12.96	125.0
04.02	-14.04	129.0
05.02	-19.84	124.0
06.02	-24.20	124.0
07.02	-20.71	124.0
08.02	-18.62	124.0
09.02	-15.70	124.0
10.02	-15.03	124.0
11.02	-12.96	124.0
12.02	-13.51	124.0
13.02	-13.24	124.0
14.02	-16.70	124.0
15.02	-15.90	124.0
16.02	-18.99	124.0
17.02	-17.19	124.0
18.02	-12.65	138.0
19.02	-11.43	153.0
20.02	-11.51	148.0
21.02	-13.96	157.0
22.02	-15.56	152.0
23.02	-18.45	147.0
24.02	-18.04	147.0
25.02	-18.34	147.0
26.02	-16.10	147.0
27.02	-14.25	155.0
28.02	-12.73	163.0
29.02	-12.04	163.0
01.03	-11.99	163.0
02.03	-11.13	163.0
03.03	-11.10	169.0
04.03	-11.33	178.0
05.03	-10.38	187.0
06.03	-11.97
07.03	-12.76	164.0
08.03	-12.16	164.0
09.03	-11.60	164.0
10.03	-11.57	164.0
11.03	-11.54	175.0
12.03	-11.77	184.0
13.03	-13.48	172.0
14.03	-11.99	172.0
15.03	-13.45	172.0
16.03	-10.73	189.0
17.03	 -9.90	194.0
18.03	-10.95	186.0
19.03	-14.00	184.0
20.03	-16.48	177.0
21.03	-16.77	169.0
22.03	-14.39	140.0
23.03	-12.06	140.0
24.03	-10.99	140.0
25.03	 -8.57	140.0
26.03	-10.43	140.0
27.03	-10.24	140.0
28.03	 -8.89	140.0
29.03	 -8.23	140.0
30.03	 -7.33	140.0
31.03	 -7.54	140.0
01.04	 -6.97	177.0
02.04	 -7.47	177.0
03.04	 -7.46	177.0
04.04	 -5.69	177.0
05.04	 -5.10	174.0
06.04	 -5.80
15.04	 -1.58
16.04	 -0.67	159.0
17.04	  0.85	155.0
18.04	  1.03	144.0
19.04	  4.91	136.0
20.04	  6.03	130.0
21.04	  3.10	126.0
22.04	  0.02	126.0
23.04	  0.34	126.0
24.04	  0.77	119.0
25.04	  0.38	107.0
26.04	  0.36	94.0
27.04	  0.04	68.0
28.04	 -1.82	68.0
29.04	 -2.14	81.0
30.04	 -2.63	74.0
01.05	 -1.42	68.0
02.05	 -0.46	56.0
03.05	 -0.96	48.0
04.05	  2.28
05.05	  2.65	36.0
06.05	  2.09	30.0
07.05	  0.74	123.0
08.05	  1.26	28.0
09.05	  2.87	17.0
10.05	  0.90
11.05	 -0.11	23.0
12.05	  0.04	27.0
13.05	 -0.00	25.0
14.05	  0.53	19.0
15.05	  0.81	12.0
16.05	  0.60	10.0
17.05	  1.13
18.05	 -0.26	14.0
19.05	 -0.51	22.0
20.05	  0.30	27.0
21.05	  1.59	21.0
22.05	  1.32	13.0
23.05	  1.34	 7.0
24.05	  1.30	 0.0
25.05	  1.60
26.05	  1.89	 0.0
27.05	  2.67	 0.0
28.05	  4.33	 0.0
29.05	  4.47	 0.0
30.05	  5.19	 0.0
31.05	  5.09	 0.0
01.06	  5.96	 0.0
02.06	  6.49	 0.0
03.06	  7.52	 0.0
04.06	  5.66	 0.0
05.06	  0.50	 9.0
06.06	  2.56	 9.0
07.06	  6.47	 0.0
08.06	  4.80	 0.0
09.06	  4.63	 0.0
11.06	  6.00
12.06	  6.77	 0.0
13.06	  5.08	 0.0
14.06	  5.51	 0.0
15.06	  8.23	 0.0
16.06	  7.66	 0.0
17.06	  8.70	 0.0
18.06	 10.67	 0.0
19.06	  7.59	 0.0
20.06	  5.97	 0.0
21.06	  7.18	 0.0
22.06	  5.87	 0.0
23.06	  5.69	 0.0
24.06	  4.26	 0.0
25.06	  4.60	 0.0
26.06	  4.16	 0.0
27.06	  5.67	 0.0
28.06	  6.35	 0.0
29.06	  8.25	 0.0
30.06	  9.33	 0.0
01.07	 10.96	 0.0
02.07	 11.80	 0.0
03.07	 11.99	 0.0
04.07	 11.61	 0.0
05.07	 13.75	 0.0
06.07	 10.17	 0.0
07.07	  9.99	 0.0
08.07	  8.54	 0.0
09.07	 10.15	 0.0
10.07	 13.36	 0.0
11.07	 13.20	 0.0
12.07	 11.33
13.07	 11.77	 0.0
14.07	 10.20	 0.0
15.07	  9.01	 0.0
16.07	  9.67	 0.0
17.07	 11.56	 0.0
18.07	 10.42	 0.0
19.07	  8.67
20.07	 10.50	 0.0
21.07	 11.10	 0.0
22.07	 11.05	 0.0
23.07	  9.70	 0.0
24.07	  8.62	 0.0
25.07	  7.35	 0.0
26.07	  4.61	 0.0
27.07	  6.27	 0.0
28.07	  8.23	 0.0
29.07	 10.28	 0.0
30.07	 11.43	 0.0
31.07	 11.48	 0.0
01.08	 10.72	 0.0
02.08	  9.70	 0.0
03.08	  8.30	 0.0
04.08	  8.88	 0.0
05.08	 10.22
06.08	 10.48	 0.0
07.08	  9.80	 0.0
08.08	 10.46	 0.0
09.08	 11.63	 0.0
10.08	 11.28	 0.0
11.08	 10.63
12.08	  7.93	 0.0
13.08	  9.22	 0.0
14.08	  8.98	 0.0
15.08	 11.44	 0.0
16.08	 11.38	 0.0
17.08	 12.30	 0.0
18.08	 15.50
19.08	 12.26	 0.0
20.08	 12.98	 0.0
21.08	 11.45	 0.0
22.08	 11.63	 0.0
23.08	 13.78	 0.0
24.08	 10.13	 0.0
25.08	 13.30
26.08	  9.75	 0.0
27.08	  8.83	 0.0
28.08	 10.66	 0.0
29.08	 10.86	 0.0
30.08	 11.17	 0.0
31.08	 13.05	 0.0
01.09	 12.14	 0.0
02.09	 11.36
03.09	 10.40	 0.0
04.09	  8.32	 0.0
05.09	  7.42	 0.0
06.09	  9.14	 0.0
07.09	  6.08	 0.0
11.09	 13.77
12.09	  7.14	 0.0
13.09	  7.63	 0.0
14.09	  4.06	 0.0
15.09	  5.23	 0.0
16.09	  4.93	 0.0
17.09	  3.89	 0.0
18.09	  2.98	 0.0
19.09	  4.62	 0.0
20.09	  3.27	 0.0
21.09	  3.54	 0.0
22.09	  4.61	 0.0
23.09	  5.95	 0.0
24.09	  4.11	 0.0
25.09	  3.29	 0.0
26.09	  4.04	 0.0
27.09	  5.24	 0.0
28.09	  6.20
29.09	  1.30	 0.0
30.09	 -2.21	11.0
01.10	  1.05	 0.0
02.10	  1.00	 0.0
03.10	  0.37	 0.0
04.10	  0.30
05.10	 -0.24	 0.0
06.10	  1.64	 0.0
07.10	  4.11	 0.0
08.10	  3.57	 0.0
09.10	  4.54	 0.0
10.10	  3.40	 0.0
11.10	  2.35	 0.0
12.10	  2.31	 0.0
13.10	  1.73	 0.0
14.10	  1.63	 0.0
15.10	 -0.13	 0.0
16.10	  1.17	 0.0
17.10	 -1.57	 0.0
18.10	 -3.37
19.10	 -3.62	 0.0
20.10	 -6.16
21.10	 -6.54	14.0
22.10	 -4.47	14.0
23.10	 -2.01	14.0
24.10	 -2.19	14.0
25.10	 -3.00	11.0
26.10	 -2.54	16.0
27.10	 -2.06	16.0
28.10	 -1.69	21.0
29.10	  1.16	21.0
30.10	  3.97	21.0
31.10	  3.86	15.0
01.11	  0.75	 7.0
02.11	 -3.58	14.0
03.11	 -3.94	18.0
04.11	 -4.97	25.0
05.11	 -5.69	33.0
06.11	 -3.44	33.0
07.11	 -1.49	33.0
08.11	 -1.45	28.0
09.11	 -1.59	26.0
10.11	 -0.07	20.0
11.11	  0.34	20.0
12.11	 -1.98
13.11	 -4.08	20.0
14.11	 -7.30	23.0
15.11	 -7.06	23.0
16.11	 -6.16	29.0
17.11	 -8.07	35.0
18.11	-10.54	35.0
19.11	-10.20
20.11	-11.31	36.0
21.11	-11.53	36.0
22.11	-11.02	36.0
23.11	-10.94	36.0
24.11	-10.26	36.0
25.11	-11.52	36.0
26.11	-10.78	36.0
27.11	 -9.61	39.0
28.11	 -8.94	64.0
29.11	 -9.33	70.0
30.11	-13.80	70.0
01.12	-12.81	70.0
02.12	-13.28	70.0
03.12	-12.69	70.0
04.12	-11.78	70.0
05.12	-11.70	70.0
06.12	-10.27	70.0
07.12	-11.05	70.0
08.12	-11.56	76.0
10.12	-11.35
11.12	-11.40	76.0
12.12	-12.30	69.0
13.12	-12.99	59.0
14.12	-15.26	59.0
15.12	-17.36	59.0
17.12	-15.69	61.0
18.12	-14.90	67.0
19.12	-15.91	75.0
20.12	-16.53	70.0
21.12	-18.93	70.0
22.12	-18.23	70.0
24.12	-13.95
25.12	-14.58	76.0
26.12	-13.49	82.0
27.12	-15.13	89.0
28.12	-16.51	85.0
29.12	-17.72	85.0
30.12	-22.53	85.0
31.12	-21.76	85.0
