04.01	 11.32	 0.0
05.01	 11.50	 0.0
06.01	  8.18	 0.0
07.01	  2.76	 0.0
08.01	  0.82	11.0
09.01	  2.71	 1.0
10.01	  0.38	 0.0
11.01	  0.61	 0.0
12.01	  3.88	 0.0
13.01	  3.44	 0.0
14.01	  7.73	 0.0
15.01	  8.86	 0.0
16.01	 10.14	 0.0
17.01	  8.76	 0.0
18.01	  3.26	 0.0
19.01	  4.71	 0.0
20.01	  9.48	 0.0
21.01	 11.86	 0.0
22.01	 10.58	 0.0
23.01	  7.20	 0.0
24.01	  8.37	 0.0
25.01	  5.75	 0.0
26.01	 10.10	 0.0
27.01	  6.17	 0.0
28.01	  0.88	10.0
29.01	  1.62	12.0
30.01	  7.10	 3.0
31.01	  7.70	 0.0
01.02	  6.43	 0.0
02.02	  6.81	 0.0
03.02	  7.67
04.02	  9.45	 0.0
05.02	  8.77	 0.0
06.02	  7.43	 0.0
07.02	  3.99	 0.0
08.02	 -2.60	19.0
09.02	 -6.60	18.0
10.02	 -2.20	14.0
11.02	  1.99	 8.0
12.02	  0.17	 6.0
13.02	 -0.59	15.0
14.02	 -5.81	17.0
15.02	 -6.67	13.0
16.02	 -3.23	12.0
17.02	  2.96	 8.0
18.02	  5.91	39.0
19.02	  7.49	 0.0
20.02	  7.88	 0.0
21.02	 13.22	 0.0
22.02	 10.51	 0.0
23.02	 11.32	 0.0
24.02	 10.09	 0.0
25.02	 12.03	 0.0
26.02	  8.54	 0.0
27.02	  8.63	 0.0
28.02	  9.04	 0.0
01.03	  7.17	 0.0
02.03	  9.20	 0.0
03.03	 11.69	 0.0
04.03	  8.90	 0.0
05.03	 11.00	 0.0
06.03	 10.59	 0.0
07.03	 10.86	 0.0
08.03	 14.40	 0.0
09.03	 13.34	 0.0
10.03	 14.51	 0.0
11.03	 15.24	 0.0
12.03	  8.65	 0.0
13.03	 11.00	 0.0
14.03	 15.19	 0.0
15.03	 16.53	 0.0
16.03	 18.63	 0.0
17.03	 20.30	 0.0
18.03	 18.67	 0.0
19.03	 21.03	 0.0
20.03	  9.40	 0.0
21.03	  7.81	 0.0
22.03	  6.24	 0.0
23.03	  7.38	 0.0
24.03	 11.46	 0.0
25.03	 13.23	 0.0
26.03	 13.59	 0.0
27.03	 11.39	 0.0
28.03	 13.34	 0.0
29.03	 11.30	 0.0
30.03	 11.21	 0.0
31.03	 13.81	 0.0
01.04	 14.96	 0.0
02.04	 16.15
03.04	 12.57	 0.0
04.04	 14.06	 0.0
05.04	 13.63	 0.0
06.04	 17.32	 0.0
07.04	 15.26	 0.0
08.04	 18.92	 0.0
09.04	 20.00	 0.0
10.04	 22.10	 0.0
11.04	 16.61	 0.0
12.04	 13.96	 0.0
13.04	 17.20	 0.0
14.04	 20.80	 0.0
15.04	 17.69	 0.0
16.04	 17.46	 0.0
17.04	 15.94	 0.0
18.04	 17.42	 0.0
19.04	 17.94	 0.0
20.04	 15.54	70.0
21.04	 13.19	 0.0
22.04	 15.80	 0.0
23.04	 20.47	 0.0
24.04	 21.65	 0.0
25.04	 19.95	 0.0
26.04	 18.20	 0.0
27.04	 19.09	 0.0
28.04	 19.61	 0.0
29.04	 17.95	 0.0
30.04	 20.48	 0.0
01.05	 20.99	 0.0
02.05	 19.80	 0.0
03.05	 20.93	 0.0
04.05	 18.24	 0.0
05.05	 17.65	 0.0
06.05	 20.19	 0.0
07.05	 17.30
08.05	 18.87	 0.0
09.05	 18.26	 0.0
10.05	 18.79	 0.0
11.05	 19.21	 0.0
12.05	 19.25	 0.0
13.05	 19.94	 0.0
14.05	 17.78	 0.0
15.05	 20.83	 0.0
16.05	 18.17	 0.0
17.05	 16.84	 0.0
18.05	 17.75	 0.0
19.05	 19.57	 0.0
20.05	 20.45
21.05	 14.91	 0.0
22.05	 17.06	 0.0
23.05	 17.11	 0.0
24.05	 18.83	 0.0
25.05	 22.31	 0.0
26.05	 19.51	 0.0
27.05	 18.60	 0.0
28.05	 15.40	 0.0
29.05	 23.68	 0.0
30.05	 22.35	 0.0
31.05	 24.47	 0.0
01.06	 26.64	 0.0
02.06	 21.24	 0.0
03.06	 17.26
04.06	 17.80	 0.0
05.06	 20.05	 0.0
06.06	 21.01	 0.0
07.06	 21.10	 0.0
08.06	 22.81	 0.0
09.06	 24.09	 0.0
10.06	 22.34	 0.0
11.06	 24.44	 0.0
12.06	 23.54	 0.0
13.06	 24.37	 0.0
14.06	 24.89	 0.0
15.06	 23.54	 0.0
16.06	 23.19	 0.0
17.06	 23.50	 0.0
18.06	 26.44	 0.0
19.06	 25.91	 0.0
20.06	 26.69	 0.0
21.06	 25.75	 0.0
22.06	 27.40	 0.0
23.06	 27.46	 0.0
24.06	 22.96	 0.0
25.06	 22.84	 0.0
26.06	 24.55	 0.0
27.06	 26.36	 0.0
28.06	 22.46	 0.0
29.06	 26.30	 0.0
30.06	 25.35	 0.0
01.07	 26.68	 0.0
02.07	 26.16	 0.0
03.07	 26.50	 0.0
04.07	 25.47	 0.0
05.07	 27.51	 0.0
06.07	 24.96	 0.0
07.07	 25.38	 0.0
08.07	 27.00	 0.0
09.07	 27.15	 0.0
10.07	 28.75	 0.0
11.07	 25.20	 0.0
12.07	 27.30	 0.0
13.07	 24.84	 0.0
14.07	 26.35	 0.0
15.07	 23.69	 0.0
16.07	 27.44	 0.0
17.07	 30.96	 0.0
18.07	 29.49	 0.0
19.07	 28.00	 0.0
20.07	 29.02	 0.0
21.07	 22.87	 0.0
22.07	 25.16	 0.0
23.07	 25.66	 0.0
24.07	 25.65	 0.0
25.07	 26.27	 0.0
26.07	 26.12	 0.0
27.07	 27.53	 0.0
28.07	 26.97	 0.0
29.07	 26.10	 0.0
30.07	 25.34	 0.0
31.07	 24.14	 0.0
01.08	 24.96	 0.0
02.08	 25.77	 0.0
03.08	 24.14	 0.0
04.08	 23.46	 0.0
05.08	 27.72	 0.0
06.08	 29.03	 0.0
07.08	 29.15	 0.0
08.08	 28.37	 0.0
09.08	 27.67	 0.0
10.08	 27.48	 0.0
11.08	 27.58	 0.0
12.08	 27.69	 0.0
13.08	 24.09	 0.0
14.08	 25.31	 0.0
15.08	 25.36	 0.0
16.08	 26.57	 0.0
17.08	 24.83	 0.0
18.08	 30.05	 0.0
19.08	 26.06	 0.0
20.08	 28.14	 0.0
21.08	 26.66	 0.0
22.08	 26.85	 0.0
23.08	 23.60	 0.0
24.08	 23.75	 0.0
25.08	 22.69	 0.0
26.08	 22.35	 0.0
27.08	 22.91	 0.0
28.08	 25.14	 0.0
29.08	 24.19	 0.0
30.08	 23.61	 0.0
31.08	 24.12	 0.0
01.09	 25.09	 0.0
02.09	 25.01	 0.0
03.09	 25.18	 0.0
04.09	 22.14	 0.0
05.09	 24.91	 0.0
06.09	 24.88	 0.0
07.09	 24.44	 0.0
08.09	 23.55	 0.0
09.09	 20.72	 0.0
10.09	 21.99	 0.0
11.09	 20.43	 0.0
12.09	 19.21	 0.0
13.09	 19.62	 0.0
14.09	 21.02	 0.0
15.09	 20.85	 0.0
16.09	 15.90	 0.0
17.09	 14.59	 0.0
18.09	 14.97	 0.0
19.09	 15.52	 0.0
20.09	 13.62	 0.0
21.09	 14.27	 0.0
22.09	 17.62	 0.0
23.09	 17.55	 0.0
24.09	 17.14	 0.0
25.09	 18.93	 0.0
26.09	 17.91	 0.0
27.09	 19.60
28.09	 17.04	 0.0
29.09	 17.99	 0.0
30.09	 17.00	 0.0
01.10	 18.90	 0.0
02.10	 18.75	 0.0
03.10	 19.77	 0.0
04.10	 18.61	 0.0
05.10	 19.81	 0.0
06.10	 18.85	 0.0
07.10	 20.10	 0.0
08.10	 19.66	 0.0
09.10	 17.69	 0.0
10.10	 16.99	 0.0
11.10	 18.55	 0.0
12.10	 20.59	 0.0
13.10	 19.16	 0.0
14.10	 17.83
15.10	 18.90	 0.0
16.10	 15.57	 0.0
17.10	 19.22	 0.0
18.10	 17.79	 0.0
19.10	 18.27	 0.0
20.10	 18.31	 0.0
21.10	 16.38	 0.0
22.10	 11.94	 0.0
23.10	 10.38	 0.0
24.10	  9.26	 0.0
25.10	 10.61	 0.0
26.10	 10.06	 0.0
27.10	 10.66	 0.0
28.10	  6.90
29.10	 18.22
30.10	 14.16	 0.0
31.10	 13.75	 0.0
01.11	 14.44	 0.0
02.11	 11.44	 0.0
03.11	  9.62	 0.0
04.11	 10.67	 0.0
05.11	  9.04	 0.0
06.11	  9.59	 0.0
07.11	 10.55	 0.0
08.11	 10.16	 0.0
09.11	  9.31	 0.0
10.11	 12.57	 0.0
11.11	 11.19	 0.0
12.11	  8.74	 0.0
13.11	  8.90	 0.0
14.11	 10.04	 0.0
15.11	  8.36	 0.0
16.11	  8.24	 0.0
17.11	  7.76	 0.0
18.11	  7.90	 0.0
19.11	  7.49	 0.0
20.11	  7.28	 0.0
21.11	  5.75	 0.0
22.11	  4.94	 0.0
23.11	  5.25	 0.0
24.11	  6.00	 0.0
25.11	  7.66	 0.0
26.11	  7.02	 0.0
27.11	  5.99	 0.0
28.11	  6.25	 0.0
29.11	  6.04	 0.0
30.11	  4.71	 0.0
01.12	  3.27	 0.0
02.12	  3.52	 0.0
03.12	  8.04	 0.0
04.12	  7.04	 0.0
05.12	  3.51	 0.0
06.12	  0.92	 0.0
07.12	  2.21	 0.0
08.12	  2.91	 0.0
09.12	  3.16	 0.0
10.12	  3.45	 0.0
11.12	  5.61	 0.0
12.12	  7.55	 0.0
13.12	  7.69	 0.0
14.12	  8.75	 0.0
15.12	  5.90	 0.0
16.12	  4.27	 0.0
17.12	  3.99	 0.0
18.12	  5.70	 0.0
19.12	  9.51	 0.0
20.12	  9.21	 0.0
21.12	  4.61	 0.0
22.12	  2.45	 0.0
23.12	  1.96	 0.0
24.12	  0.49	 0.0
25.12	 -0.46	 0.0
26.12	 -1.31	 0.0
27.12	 -1.94	 0.0
28.12	 -1.96	 0.0
29.12	 -1.88	 0.0
30.12	 -0.23	 0.0
31.12	 -1.65	 0.0
