01.01	 -0.62	 0.0
02.01	  4.14	 0.0
03.01	  5.42	 0.0
04.01	  3.29	 0.0
05.01	 -2.66	 1.0
06.01	 -3.66	 7.0
07.01	 -3.60	 4.0
08.01	 -2.54	 4.0
09.01	  0.14	 2.0
10.01	  2.04	 0.0
11.01	  3.07	 0.0
12.01	  4.44	 0.0
13.01	  4.51	 0.0
14.01	  6.04	 0.0
15.01	  1.60	 0.0
16.01	  0.12	 0.0
17.01	  0.16	 0.0
18.01	 -0.51	 0.0
19.01	 -1.83	 0.0
20.01	 -1.79	 0.0
21.01	  0.69	 0.0
22.01	 -1.69	 0.0
23.01	 -2.73	12.0
24.01	  0.04	 9.0
25.01	  1.09	 5.0
26.01	  0.99	19.0
27.01	  1.76	11.0
28.01	  1.80	 6.0
29.01	  4.10	 6.0
30.01	  0.92	 2.0
31.01	 -0.66	16.0
01.02	  3.18	10.0
02.02	  7.10
03.02	  2.73	 0.0
04.02	 -7.28	18.0
05.02	-10.68	18.0
06.02	-10.29	15.0
07.02	 -7.26	14.0
08.02	 -3.29	 9.0
09.02	  0.88	 6.0
10.02	  3.21	 9.0
11.02	  5.26	 2.0
12.02	 -0.26	 0.0
13.02	 -3.52	 7.0
14.02	 -3.55	 5.0
15.02	 -0.01	 2.0
16.02	  1.19	 1.0
17.02	  3.30	 0.0
18.02	  6.58	 0.0
19.02	  7.94	 0.0
20.02	  4.36	 0.0
21.02	 -0.69	 5.0
22.02	 -3.88	22.0
23.02	 -5.04	11.0
24.02	 -2.99	 6.0
25.02	  0.73	 4.0
26.02	  4.46	 1.0
27.02	  3.54	 0.0
28.02	  5.29	 0.0
29.02	  7.29	 0.0
01.03	  9.39	 0.0
02.03	 11.07	 0.0
03.03	 11.73	 0.0
04.03	  7.20	 0.0
05.03	  5.69	 0.0
06.03	  3.70	 0.0
07.03	  2.30	 4.0
08.03	  3.83	 0.0
09.03	  6.06	 0.0
10.03	  5.00	 0.0
11.03	  2.84	 0.0
12.03	 -0.35	 0.0
13.03	  0.61	14.0
14.03	  4.84	 4.0
15.03	 10.31	 0.0
16.03	  9.28	 0.0
17.03	 11.31	 0.0
18.03	  7.75	 0.0
19.03	 -1.41	21.0
20.03	 -1.52	30.0
21.03	  2.03	19.0
22.03	  5.86	 6.0
23.03	 11.36	 1.0
24.03	 11.31	 0.0
25.03	  9.09	 0.0
26.03	  9.99	 0.0
27.03	 12.60	 0.0
28.03	 14.78	 0.0
29.03	 13.65	 0.0
30.03	 17.24	 0.0
31.03	 18.11	 0.0
01.04	 15.25	 0.0
02.04	 16.51	 0.0
03.04	 19.71	 0.0
04.04	 20.34	 0.0
05.04	 18.22	 0.0
06.04	 17.88	 0.0
07.04	 18.36	 0.0
08.04	 20.08	 0.0
09.04	 16.39	 0.0
10.04	 15.59	 0.0
11.04	 16.95	 0.0
12.04	 16.76	 0.0
13.04	 17.29	 0.0
14.04	 17.90	 0.0
15.04	 19.82	 0.0
