01.01	  4.20	 0.0
02.01	  3.56	 0.0
03.01	  1.31	 0.0
04.01	  2.21	 0.0
05.01	  2.74	 0.0
06.01	  4.90	 0.0
07.01	  3.78	 0.0
08.01	  2.55
09.01	 -0.17	 0.0
10.01	  1.54	 0.0
11.01	  2.37	 0.0
12.01	  0.78	 4.0
13.01	 -0.69
14.01	 -4.25	 9.0
15.01	 -4.12	 6.0
16.01	  1.45	 4.0
17.01	  1.65	 0.0
18.01	  0.45	 5.0
19.01	  1.05	 0.0
20.01	  2.26	 0.0
21.01	  2.19
22.01	  3.45	 0.0
23.01	  2.46	 0.0
24.01	  0.57	 0.0
25.01	  1.36	 0.0
26.01	  4.33	 0.0
27.01	  6.74	 0.0
28.01	  9.15	 0.0
29.01	  5.60	 0.0
30.01	  6.66	 0.0
31.01	  9.31	 0.0
01.02	 10.71	 0.0
02.02	 11.43	 0.0
03.02	 11.09	 0.0
04.02	  3.59	 0.0
05.02	 -0.54	10.0
06.02	  1.30	 5.0
07.02	  3.09	 0.0
08.02	  4.78	 0.0
09.02	  1.07	 0.0
10.02	  5.53	 0.0
11.02	 10.29	 0.0
12.02	  8.41	 0.0
13.02	  3.66	 0.0
14.02	  7.14	 0.0
15.02	  6.03	 0.0
16.02	  6.35	 0.0
17.02	  7.10	 0.0
18.02	  4.86	 0.0
19.02	  1.55	 0.0
20.02	  3.23	 7.0
21.02	  9.37	 0.0
22.02	  7.06	 0.0
23.02	  3.86	 0.0
24.02	 -0.18	 4.0
25.02	 -0.62
26.02	 -2.27	11.0
27.02	 -0.64	 4.0
28.02	  1.64	 2.0
01.03	  3.05	 0.0
02.03	  2.53	 0.0
03.03	  3.51	 0.0
04.03	  1.38	 0.0
05.03	  3.44	 0.0
06.03	  6.65	 0.0
07.03	  5.01	 0.0
08.03	  6.84	 0.0
09.03	  9.36	 0.0
10.03	 11.41	 0.0
11.03	 14.40	 0.0
12.03	 13.70	 0.0
13.03	 16.65	 0.0
14.03	 18.36	 0.0
15.03	  8.04	 0.0
16.03	  7.85	 0.0
17.03	  2.16	 0.0
18.03	  5.87	 0.0
19.03	  7.89	 0.0
20.03	 10.97	 0.0
21.03	 13.99	 0.0
22.03	 13.46	 0.0
23.03	 14.36	 0.0
24.03	 18.15	 0.0
25.03	 17.48	 0.0
26.03	 18.03	 0.0
27.03	 10.68	 0.0
28.03	 10.61	 0.0
29.03	 13.30	 0.0
30.03	 11.62	 0.0
31.03	 12.16	 0.0
01.04	 12.00	 0.0
02.04	 12.11	 0.0
03.04	  8.64	 0.0
04.04	  7.69	 0.0
05.04	 10.53	 0.0
06.04	 12.44	 0.0
07.04	 14.29	 0.0
08.04	 18.04	 0.0
09.04	 13.93	 0.0
10.04	 16.69	 0.0
11.04	 17.39	 0.0
12.04	 20.74	 0.0
13.04	 20.08	 0.0
14.04	 21.07	 0.0
15.04	 14.70	 0.0
16.04	 16.01	 0.0
17.04	 16.89	 0.0
18.04	 15.71	 0.0
19.04	 18.10	 0.0
20.04	 20.50	 0.0
21.04	 17.94	 0.0
22.04	 20.39	 0.0
23.04	 20.00	 0.0
24.04	 23.99	 0.0
25.04	 22.77	 0.0
26.04	 23.59	 0.0
27.04	 23.75	 0.0
28.04	 22.91	 0.0
29.04	 19.75	 0.0
30.04	 21.35	 0.0
01.05	 22.74	 0.0
02.05	 23.41	 0.0
03.05	 26.27	 0.0
04.05	 26.76	 0.0
05.05	 20.13	 0.0
06.05	 16.74	 0.0
07.05	 16.41	 0.0
08.05	 18.64	 0.0
09.05	 21.69	 0.0
10.05	 19.09	 0.0
11.05	 16.96	 0.0
12.05	 19.74	 0.0
13.05	 20.49	 0.0
14.05	 22.61	 0.0
15.05	 23.38	 0.0
16.05	 26.05	 0.0
17.05	 25.86	 0.0
18.05	 25.05	 0.0
19.05	 22.46	 0.0
20.05	 20.59	 0.0
21.05	 21.07	 0.0
22.05	 22.09	 0.0
23.05	 21.65	 0.0
24.05	 25.27	 0.0
25.05	 23.30	 0.0
26.05	 24.36	 0.0
27.05	 24.50	 0.0
28.05	 24.04	 0.0
29.05	 21.94	 0.0
30.05	 20.56	 0.0
31.05	 20.71	 0.0
01.06	 21.75	 0.0
02.06	 21.50	 0.0
03.06	 21.41	 0.0
04.06	 22.94	 0.0
05.06	 25.18	 0.0
06.06	 23.13	 0.0
07.06	 24.11	 0.0
08.06	 25.50	 0.0
09.06	 26.35	 0.0
10.06	 27.49	 0.0
11.06	 27.74	 0.0
12.06	 25.51	 0.0
13.06	 25.19	 0.0
14.06	 26.81	 0.0
15.06	 21.76	 0.0
16.06	 26.80	 0.0
17.06	 27.88	 0.0
18.06	 26.11	 0.0
19.06	 27.00	 0.0
20.06	 26.03	 0.0
21.06	 28.70	 0.0
22.06	 29.01	 0.0
23.06	 25.90	 0.0
24.06	 27.31	 0.0
25.06	 26.53	 0.0
26.06	 26.55	 0.0
27.06	 22.35	 0.0
28.06	 28.40	 0.0
29.06	 25.46	 0.0
30.06	 27.14	 0.0
01.07	 26.13	 0.0
02.07	 25.53	 0.0
03.07	 27.55	 0.0
04.07	 27.28	 0.0
05.07	 27.40	 0.0
06.07	 27.76	 0.0
07.07	 28.79	 0.0
08.07	 28.41	 0.0
09.07	 30.63	 0.0
10.07	 28.53	 0.0
11.07	 26.79	 0.0
12.07	 28.14	 0.0
13.07	 28.42	 0.0
14.07	 28.63	 0.0
15.07	 22.10	 0.0
16.07	 25.20	 0.0
17.07	 26.31	 0.0
18.07	 25.71	 0.0
19.07	 26.31	 0.0
20.07	 25.26	 0.0
21.07	 21.49	 0.0
22.07	 27.00	 0.0
23.07	 26.93	 0.0
24.07	 25.63	 0.0
25.07	 27.01	 0.0
26.07	 26.38	 0.0
27.07	 25.83	 0.0
28.07	 26.91	 0.0
29.07	 28.31	 0.0
30.07	 27.44	 0.0
31.07	 21.87	 0.0
01.08	 26.07	 0.0
02.08	 25.90	 0.0
03.08	 29.09	 0.0
04.08	 29.67	 0.0
05.08	 26.46	 0.0
06.08	 29.66	 0.0
07.08	 29.95	 0.0
08.08	 28.68	 0.0
09.08	 23.57	 0.0
10.08	 23.38	 0.0
11.08	 25.40	 0.0
12.08	 26.05	 0.0
13.08	 27.10	 0.0
14.08	 29.82	 0.0
15.08	 25.13	 0.0
16.08	 25.16	 0.0
17.08	 26.09	 0.0
18.08	 23.44	 0.0
19.08	 25.80	 0.0
20.08	 25.04	 0.0
21.08	 26.86	 0.0
22.08	 27.30	 0.0
23.08	 27.54	 0.0
24.08	 26.75	 0.0
25.08	 27.15	 0.0
26.08	 22.68	 0.0
27.08	 23.52	 0.0
28.08	 23.88	 0.0
29.08	 23.43	 0.0
30.08	 22.36	 0.0
31.08	 21.74	 0.0
01.09	 21.09	 0.0
02.09	 22.60	 0.0
03.09	 23.70	 0.0
04.09	 24.09	 0.0
05.09	 24.30	 0.0
06.09	 23.52	 0.0
07.09	 24.33	 0.0
08.09	 23.69	 0.0
09.09	 23.39	 0.0
10.09	 24.10	 0.0
11.09	 23.00	 0.0
12.09	 24.20	 0.0
13.09	 24.30	 0.0
14.09	 25.23	 0.0
15.09	 24.74	 0.0
16.09	 20.71	 0.0
17.09	 21.00	 0.0
18.09	 21.00	 0.0
19.09	 20.54	 0.0
20.09	 19.31	 0.0
21.09	 20.16	 0.0
22.09	 18.90	 0.0
23.09	 15.89	 0.0
24.09	 18.91	 0.0
25.09	 19.86	 0.0
26.09	 18.64	 0.0
27.09	 20.13	 0.0
28.09	 18.43	 0.0
29.09	 18.69	 0.0
30.09	 17.04	 0.0
01.10	 17.91	 0.0
02.10	 19.51	 0.0
03.10	 18.14	 0.0
04.10	 18.17	 0.0
05.10	 16.60	 0.0
06.10	 16.80	 0.0
07.10	 16.62	 0.0
08.10	 15.50	 0.0
09.10	 16.50	 0.0
10.10	 17.14	 0.0
11.10	 17.63	 0.0
12.10	 18.96
13.10	 15.24	 0.0
14.10	 17.02	 0.0
15.10	 16.46	 0.0
16.10	 15.99	 0.0
17.10	 16.67	 0.0
18.10	 15.94	 0.0
19.10	 14.54	 0.0
20.10	 16.10	 0.0
21.10	 17.55	 0.0
22.10	 14.47
23.10	 10.21	 0.0
24.10	 10.66	 0.0
25.10	 10.89	 0.0
26.10	 11.80	 0.0
27.10	 15.62	 0.0
28.10	 11.74	 0.0
29.10	  8.28	 0.0
30.10	  8.64	 0.0
31.10	  9.36	 0.0
01.11	  7.77	 0.0
02.11	  9.39	 0.0
03.11	 11.16	 0.0
04.11	  8.43	 0.0
05.11	 10.19	 0.0
06.11	 11.11	 0.0
07.11	 12.68	 0.0
08.11	 -1.19	 0.0
09.11	 -1.21	 0.0
10.11	  6.99	 0.0
11.11	  9.36	 0.0
12.11	 10.14	 0.0
13.11	 11.35	 0.0
14.11	  7.11	 0.0
15.11	  4.91	 0.0
16.11	  8.43	 0.0
17.11	  9.03	 0.0
18.11	  9.72	 0.0
19.11	  9.34	 0.0
20.11	 11.45	 0.0
21.11	 13.40	 0.0
22.11	 10.67	 0.0
23.11	 10.70	 0.0
24.11	  8.28	 0.0
25.11	  9.52	 0.0
26.11	  2.72	 0.0
27.11	  3.08	 4.0
28.11	  4.21	 0.0
29.11	  7.00	 0.0
30.11	  7.66
01.12	  3.69	 0.0
02.12	  4.21	 0.0
03.12	  4.15	 0.0
04.12	  5.22	 0.0
05.12	  2.80	 0.0
06.12	  0.13	 2.0
07.12	 -0.60	 0.0
08.12	  2.12	 0.0
09.12	  2.70	 0.0
10.12	  4.57	 0.0
11.12	  4.85	 0.0
12.12	  1.08	 0.0
13.12	  3.03	 2.0
14.12	  1.23	 0.0
15.12	  0.46	 0.0
16.12	  1.01	 0.0
17.12	  3.38	 0.0
18.12	  4.31	 0.0
19.12	  4.33	 0.0
20.12	 -5.10	27.0
21.12	 -2.09	23.0
22.12	 -4.50	20.0
23.12	 -1.59	15.0
24.12	  1.13	10.0
25.12	  5.55	 6.0
26.12	  5.99	 2.0
27.12	  0.87	 0.0
28.12	  1.33	 2.0
29.12	  0.88	 2.0
30.12	  1.51	 2.0
31.12	  0.79	 0.0
