01.01	 18.56
02.01	 15.53
03.01	 15.18
04.01	 13.69
05.01	 13.81
06.01	 14.67
07.01	 12.26
08.01	 12.50
09.01	 16.31
10.01	 14.74
11.01	 13.20
12.01	 15.69
13.01	 13.50
14.01	 13.19
15.01	 12.17
16.01	 11.50
17.01	 13.80
18.01	 13.84
19.01	 12.80
20.01	 13.59
21.01	 16.31
22.01	 17.28
23.01	 16.69
24.01	 13.30
25.01	 14.14
26.01	 14.59
27.01	 12.68
28.01	 12.15
29.01	 14.80
30.01	 14.75
31.01	 11.71
01.02	 12.15
02.02	 13.03
03.02	 11.96
04.02	 10.84
05.02	 11.70
06.02	 13.20
07.02	 13.72
08.02	 15.12
09.02	 18.87
10.02	 17.25
11.02	 15.69
12.02	 15.18
13.02	 14.35
14.02	 14.92
15.02	 16.02
16.02	 13.26
17.02	 10.84
18.02	 12.76
19.02	 18.06
20.02	 18.85
21.02	 14.89
22.02	 13.26
23.02	 13.27
24.02	 14.01
25.02	 12.90
26.02	 13.72
27.02	 18.04
28.02	 14.44
01.03	 16.45
02.03	 14.21
03.03	 12.03
04.03	 13.01
05.03	 15.16
06.03	 15.85
07.03	 13.72
08.03	 16.68
09.03	 17.08
10.03	 15.98
11.03	 11.31
12.03	  8.55
13.03	  9.14
14.03	  9.51
15.03	  9.86
16.03	 10.21
17.03	 10.03
18.03	 10.78
19.03	 12.93
20.03	 14.55
21.03	 11.90
22.03	 10.07
23.03	 10.26
24.03	 10.97
25.03	  9.56
26.03	  8.99
27.03	 10.89
28.03	  8.78
29.03	 11.95
30.03	 13.96
31.03	 11.89
01.04	 11.20
02.04	  8.21
03.04	 11.47
04.04	 10.24
05.04	 14.40
06.04	 12.36
07.04	 11.72
08.04	 11.31
09.04	 10.01
10.04	 13.76
11.04	 13.02
12.04	  9.69
13.04	  9.28
14.04	  8.67
15.04	  7.97
16.04	  5.50
17.04	  8.72
18.04	 11.19
19.04	 10.53
20.04	 11.24
21.04	 11.14
22.04	  7.08
23.04	 10.18
24.04	 11.16
25.04	  9.95
26.04	  9.71
27.04	 10.67
28.04	  8.06
29.04	  8.26
30.04	  8.77
01.05	  6.24
02.05	  6.55
03.05	  8.50
04.05	 10.72
05.05	  9.05
06.05	  8.50
07.05	  9.35
08.05	  5.16
09.05	  6.80
10.05	 10.54
11.05	  9.19
12.05	  9.73
13.05	 11.63
14.05	 10.54
15.05	 10.10
16.05	 10.24
17.05	  9.59
18.05	  9.42
19.05	  6.13
20.05	  3.59
21.05	  6.29
22.05	  6.20
23.05	  8.26
24.05	  9.72
25.05	  7.12
26.05	  8.38
27.05	 11.94
28.05	  8.97
29.05	  3.54
30.05	  2.90
31.05	  6.07
01.06	  6.69
02.06	  8.27
03.06	  6.26
04.06	  6.23
05.06	 10.74
06.06	  7.56
07.06	  9.85
08.06	  7.60
09.06	 10.39
10.06	 11.62
11.06	  7.77
12.06	  6.59
13.06	  4.79
14.06	  5.39
15.06	  8.11
16.06	  8.20
17.06	 10.93
18.06	  9.30
19.06	  8.64
20.06	  7.75
21.06	  6.29
22.06	  5.21
23.06	  6.55
24.06	  3.25
25.06	  1.23
26.06	  3.50
27.06	  8.12
28.06	  8.46
29.06	  5.30
30.06	  3.12
01.07	  3.21
02.07	  1.47
03.07	  2.11
04.07	  6.10
05.07	  1.89
06.07	  7.90
07.07	  8.88
08.07	  8.03
09.07	  7.84
10.07	  9.10
11.07	 10.57
12.07	  9.00
13.07	  9.44
14.07	  6.50
15.07	  5.06
16.07	  2.81
17.07	  1.59
18.07	  1.61
19.07	  2.01
20.07	  6.34
21.07	 10.44
22.07	 10.72
23.07	 10.06
24.07	  8.59
25.07	  8.50
26.07	  8.29
27.07	  7.96
28.07	  6.44
29.07	  5.67
30.07	  2.15
31.07	  0.30
01.08	  4.79
02.08	  6.94
03.08	  5.19
04.08	  6.90
05.08	  6.70
06.08	  6.44
07.08	  3.40
08.08	  8.51
09.08	 10.61
10.08	  9.35
11.08	  8.80
12.08	  7.09
13.08	  5.81
14.08	  5.87
15.08	  3.19
16.08	  6.59
17.08	  5.34
18.08	  4.55
19.08	  3.75
20.08	  4.47
21.08	  3.76
22.08	  4.50
23.08	  7.00
24.08	  4.44
25.08	  6.65
26.08	  9.13
27.08	  7.23
28.08	  8.97
29.08	  7.21
30.08	  4.68
31.08	  7.16	150.0
01.09	  7.83
02.09	  9.01
03.09	  5.84
04.09	  5.64
05.09	  5.99
06.09	  5.96
07.09	  8.74
08.09	  8.66
09.09	  8.74
10.09	  7.40
11.09	  8.86
12.09	  8.43
13.09	  4.89
14.09	  6.19
15.09	  9.30
16.09	  7.26
17.09	  6.50
18.09	  6.58
19.09	  8.52
20.09	 10.15
21.09	  9.92
22.09	 10.99
23.09	 10.00
24.09	 11.84
25.09	  8.56
26.09	  9.62
27.09	 10.09
28.09	 10.89
29.09	  9.77
30.09	  7.75
01.10	  8.67
02.10	  8.66
03.10	  9.66
04.10	  9.97
05.10	 11.51
06.10	 10.06
07.10	  7.31
08.10	  8.49
09.10	  8.53
10.10	  7.02
11.10	  8.01
12.10	  7.64
13.10	  7.74
14.10	  9.71
15.10	 10.16
16.10	  7.65
17.10	  7.16
18.10	  8.66
19.10	 10.69
20.10	  9.96
21.10	  6.36
22.10	  8.63
23.10	  8.21
24.10	 10.26
25.10	  9.09
26.10	  9.67
27.10	  9.74
28.10	  9.98
29.10	 10.61
30.10	 10.51
31.10	  9.76
01.11	 10.75
02.11	 11.79
03.11	 11.74
04.11	 10.91
05.11	 10.97
06.11	 12.61
07.11	 11.53
08.11	 10.30
09.11	  9.17
10.11	  8.50
11.11	 10.07
12.11	 12.12
13.11	 13.93
14.11	 13.85
15.11	 13.36
16.11	 13.46
17.11	 10.99
18.11	 10.24
19.11	  9.79
20.11	 10.44
21.11	 11.51
22.11	 13.07
23.11	 12.60
24.11	 12.26
25.11	 11.25
26.11	 10.54
27.11	 11.67
28.11	 10.99
29.11	 10.42
30.11	 12.52
01.12	 12.80
02.12	 14.10
03.12	 14.21
04.12	 13.51
05.12	 13.63
06.12	 13.76
07.12	 13.49
08.12	 14.32
09.12	 14.31
10.12	 13.70
11.12	 12.03
12.12	 13.45
13.12	 13.34
14.12	 14.19
15.12	 16.62
16.12	 15.94
17.12	 16.00
18.12	 14.49
19.12	 13.32
20.12	 12.47
21.12	 10.66
22.12	  9.06
23.12	 10.81
24.12	 13.83
25.12	 16.18
26.12	 15.16
27.12	 15.11
28.12	 14.07
29.12	 14.34
30.12	 15.41
31.12	 15.70
