01.01	 13.60
02.01	 14.45
03.01	 17.32
04.01	 16.10
05.01	 15.22
06.01	 14.62
07.01	 13.90
08.01	 13.40
09.01	 13.45
10.01	 14.38
11.01	 14.68
12.01	 14.50
13.01	 16.05
14.01	 14.82
15.01	 13.73
16.01	 13.17
17.01	 11.70
18.01	 13.45
19.01	 16.12
20.01	 20.90
21.01	 16.77
22.01	 16.93
23.01	 16.18
24.01	 13.70
25.01	 11.03
26.01	 12.90
27.01	 15.10
28.01	 14.95
29.01	 20.00
30.01	 16.85
31.01	  9.20
01.02	 12.00
02.02	 13.25
03.02	 15.20
04.02	 13.07
05.02	 13.67
06.02	 12.97
07.02	 14.02
08.02	 14.82
09.02	 18.03
10.02	 14.10
11.02	 13.25
12.02	 13.55
13.02	 16.40
14.02	 16.90
15.02	 14.82
16.02	 12.70
17.02	 16.50
18.02	 14.35
19.02	 12.00
20.02	 11.63
21.02	 13.48
22.02	 16.65
23.02	 15.62
24.02	 12.47
25.02	 14.00
26.02	 15.75
27.02	 14.70
28.02	 12.80
01.03	 11.55
02.03	  9.42
03.03	  9.65
04.03	 12.00
05.03	 12.88
06.03	 11.90
07.03	 16.93
08.03	 15.00
09.03	 16.80
10.03	 16.00
11.03	 16.00
12.03	 13.40
13.03	 12.90
14.03	 12.07
15.03	 11.28
16.03	 12.62
17.03	 13.25
18.03	 13.43
19.03	 13.35
20.03	 11.47
21.03	 11.50
22.03	 14.00
23.03	 12.90
24.03	 15.30
25.03	 15.38
26.03	 10.88
27.03	 12.12
28.03	 14.75
29.03	 11.22
30.03	  9.62
31.03	  7.40
01.04	 12.23
02.04	 12.60
03.04	 10.48
04.04	 11.30
05.04	 12.60
06.04	 13.85
07.04	 11.80
08.04	 11.47
09.04	 11.85
10.04	 12.15
11.04	 13.65
12.04	 14.40
13.04	 13.90
14.04	 13.08
15.04	  9.00
16.04	 19.10
17.04	  9.17
18.04	 11.60
19.04	 11.10
20.04	 12.87
21.04	 11.75
22.04	 12.47
23.04	  8.55
24.04	 13.30
25.04	 11.17
26.04	  7.72
27.04	 11.28
28.04	 12.02
29.04	 12.07
30.04	 11.10
01.05	 12.50
02.05	  9.22
03.05	 11.25
04.05	  8.93
05.05	 10.57
06.05	 10.10
07.05	  9.90
08.05	 11.12
09.05	  8.53
10.05	  6.75
11.05	  2.60
12.05	  2.45
13.05	  3.98
14.05	  6.45
15.05	  9.65
16.05	  9.40
17.05	  6.62
18.05	 10.05
19.05	 11.10
20.05	 12.30
21.05	  8.23
22.05	  8.40
23.05	 11.25
24.05	  8.22
25.05	  5.67
26.05	  6.35
27.05	  6.05
28.05	  7.28
29.05	  6.17
30.05	  9.88
31.05	  9.25
01.06	  7.62
02.06	  5.90
03.06	  9.33
04.06	  9.53
05.06	  5.17
06.06	  6.97
07.06	  4.75
08.06	  4.67
09.06	  6.27
10.06	  7.58
11.06	  8.13
12.06	  4.35
13.06	 10.80
14.06	  8.90
15.06	  7.20
16.06	  9.90
17.06	  8.13
18.06	  8.45
19.06	  1.63
20.06	  4.20
21.06	  7.20
22.06	  6.45
23.06	  3.60
24.06	  5.35
25.06	  5.70
26.06	  6.30
27.06	  9.50
28.06	 11.20
29.06	 11.60
30.06	 10.67
01.07	  6.35
02.07	  8.87
03.07	 13.40
04.07	  9.60
05.07	  9.17
06.07	  5.80
07.07	  3.73
08.07	  5.77
09.07	  7.30
10.07	  8.50
11.07	  8.10
12.07	  7.65
13.07	  4.13
14.07	  3.03
15.07	  3.57
16.07	  5.90
17.07	  9.95
18.07	  8.15
19.07	 11.00
20.07	 12.60
21.07	  3.40
22.07	 -0.30
23.07	 -0.20
24.07	  6.05
25.07	  5.50
26.07	  5.50
27.07	  4.20
28.07	  4.30
29.07	  1.82
30.07	  5.25
31.07	  6.40
01.08	  6.45
02.08	  9.30
03.08	  7.73
04.08	  5.85
05.08	  8.40
06.08	  4.20
07.08	  6.65
08.08	  7.60
09.08	  9.15
10.08	 11.93
11.08	 12.00
12.08	  8.07
13.08	  3.40
14.08	  9.30
15.08	  6.95
16.08	  4.40
18.08	  6.20
21.08	  7.00
22.08	  5.80
23.08	  6.60
24.08	 11.10
25.08	 13.30
26.08	  9.50
27.08	 13.70
28.08	 12.20
29.08	 12.27
30.08	  5.70
31.08	  3.50
01.09	  3.77
02.09	  4.25
03.09	  4.85
04.09	  7.40
05.09	  9.65
06.09	  5.93
07.09	  4.87
08.09	  4.80
09.09	  7.38
10.09	 12.90
11.09	  6.70
12.09	 11.07
13.09	 10.30
14.09	  8.05
15.09	  0.80
16.09	  7.48
17.09	  3.10
18.09	  8.32
19.09	  2.20
20.09	  9.35
21.09	  6.62
22.09	  5.87
23.09	  6.10
25.09	  6.47
26.09	  5.15
28.09	  7.70
29.09	  4.80
30.09	 13.85
01.10	  9.00
03.10	  7.27
04.10	  8.70
05.10	  4.10
06.10	  2.43
07.10	  2.80
08.10	 15.50
09.10	 12.30
10.10	  8.10
11.10	  9.40
12.10	  7.05
13.10	  4.95
14.10	  7.47
15.10	  5.30
16.10	 11.10
17.10	 10.07
18.10	  9.05
19.10	  9.75
20.10	  6.60
21.10	  9.30
22.10	  9.30
23.10	  5.35
24.10	  9.90
25.10	  8.53
26.10	  9.80
27.10	 11.30
28.10	 13.57
29.10	 12.48
30.10	  9.40
31.10	  7.13
01.11	  6.83
02.11	  7.93
03.11	 10.13
04.11	  7.67
05.11	  6.72
06.11	  4.22
07.11	  8.05
08.11	  6.47
09.11	  6.45
10.11	  6.00
11.11	  9.75
12.11	 10.43
13.11	  9.82
14.11	 10.98
15.11	 11.82
16.11	 10.70
17.11	 11.05
18.11	 10.88
19.11	 10.28
20.11	 10.38
21.11	  9.10
22.11	  8.83
23.11	 11.90
24.11	 12.57
25.11	 10.15
26.11	  7.50
27.11	 11.10
28.11	 10.03
29.11	  9.88
30.11	  9.43
01.12	 10.70
02.12	  9.77
03.12	 11.30
04.12	 11.83
05.12	 12.48
06.12	 13.80
07.12	 14.43
08.12	 11.62
09.12	 11.45
10.12	 11.70
11.12	 11.83
12.12	 12.18
13.12	 12.25
14.12	 12.57
15.12	 13.75
16.12	  9.97
17.12	 14.50
18.12	 11.63
19.12	 12.90
20.12	 12.73
21.12	 14.05
22.12	  9.75
23.12	 12.95
24.12	 11.23
25.12	 11.48
26.12	 12.12
27.12	 12.50
28.12	 11.32
29.12	 11.43
30.12	  7.02
31.12	 12.15
