01.01	 13.10
02.01	 15.07
03.01	 15.88
04.01	 14.85
05.01	 11.45
06.01	 10.90
07.01	 12.00
08.01	 14.10
09.01	 13.62
10.01	 14.12
11.01	 12.50
12.01	 12.00
13.01	 13.30
14.01	 14.55
15.01	 14.40
16.01	 14.63
17.01	 13.50
18.01	 14.18
19.01	 16.50
20.01	 16.02
21.01	 15.85
22.01	 14.43
23.01	 15.50
24.01	 14.62
25.01	 17.03
26.01	 15.47
27.01	 15.15
28.01	 15.40
29.01	 12.10
30.01	 13.33
31.01	 11.06
01.02	 13.12
02.02	 14.05
03.02	 10.36
04.02	 11.16
05.02	 15.29
06.02	 14.90
07.02	 13.43
08.02	 13.96
09.02	 13.22
10.02	 10.61
11.02	 13.10
12.02	 14.59
13.02	 11.80
14.02	 11.33
15.02	 11.66
16.02	 11.74
17.02	 12.57
18.02	 12.39
19.02	 13.49
20.02	 10.30
21.02	 10.60
22.02	 11.96
23.02	 11.07
24.02	 13.81
25.02	 13.19
26.02	 13.07
27.02	 10.10
28.02	 14.90
01.03	 15.03
02.03	 15.06
03.03	 13.93
04.03	 13.00
05.03	 14.81
06.03	 15.28
07.03	 13.40
08.03	 11.75
09.03	 11.80
10.03	 12.82
11.03	 12.11
12.03	 11.40
13.03	 11.16
14.03	  9.60
15.03	 11.16
16.03	 12.67
17.03	 15.70
18.03	 15.46
19.03	 15.71
20.03	 14.39
21.03	 12.04
22.03	 12.36
23.03	 13.75
24.03	 13.05
25.03	 13.00
26.03	 13.07
27.03	 12.95
28.03	 12.13
29.03	 13.25
30.03	 15.28
31.03	 14.46
01.04	 12.42
02.04	  8.14
03.04	 10.26
04.04	 10.38
05.04	 10.61
06.04	  9.18
07.04	 12.26
08.04	 10.62
09.04	 13.33
10.04	 11.27
11.04	 10.43
12.04	  9.90
13.04	  9.07
14.04	  9.00
15.04	  9.00
16.04	 11.86
17.04	 11.01
18.04	 10.41
19.04	 10.40
20.04	  7.06
21.04	  8.90
22.04	  8.43
23.04	  8.11
24.04	  8.01
25.04	  7.89
26.04	  9.62
27.04	  9.69
28.04	  9.41
29.04	  9.41
30.04	 12.07
01.05	 13.84
02.05	 12.55
03.05	  7.08
04.05	  7.81
05.05	  9.21
06.05	  6.20
07.05	  7.52
08.05	  9.76
09.05	 10.57
10.05	  8.16
11.05	  6.99
12.05	  8.31
13.05	  3.77
14.05	  4.70
15.05	  4.22
16.05	  5.23
17.05	  8.32
18.05	  9.83
19.05	  6.96
20.05	  8.64
21.05	  8.01
22.05	  7.77
23.05	  6.17
24.05	  8.50
25.05	  4.99
26.05	  5.65
27.05	  5.17
28.05	  4.64
29.05	  6.22
30.05	  9.60
31.05	  8.17
01.06	 10.11
02.06	  7.41
03.06	  7.52
04.06	 10.64
05.06	 10.10
06.06	  8.44
07.06	  3.36
08.06	  2.11
09.06	  4.36
10.06	  6.49
11.06	 10.66
12.06	 11.21
13.06	 12.60
14.06	  9.86
15.06	  9.16
16.06	  7.89
17.06	  7.51
18.06	  6.99
19.06	  5.84
20.06	  6.97
21.06	  8.76
22.06	 10.92
23.06	  7.63
24.06	  5.76
25.06	  6.05
26.06	  5.83
27.06	  7.53
28.06	 10.30
29.06	  9.34
30.06	  9.13
01.07	  8.61
02.07	  6.34
03.07	  9.68
04.07	  7.86
05.07	  5.05
06.07	  7.42
07.07	  6.03
08.07	  7.11
09.07	  4.51
10.07	  8.36
11.07	  3.66
12.07	  4.10
13.07	  4.70
14.07	  6.15
15.07	  3.07
16.07	  1.75
17.07	  1.22
18.07	  5.05
19.07	  6.88
20.07	  2.94
21.07	  1.30
22.07	  5.08
23.07	  7.22
24.07	  8.47
25.07	  7.50
26.07	  7.64
27.07	  6.43
28.07	  5.61
29.07	  6.69
30.07	  5.84
31.07	  4.64
01.08	  2.35
02.08	  3.45
03.08	  2.28
04.08	  6.58
05.08	  5.34
06.08	  6.59
07.08	  5.41
08.08	  6.25
09.08	  7.53
10.08	  7.29
11.08	  6.41
12.08	  4.33
13.08	  4.74
14.08	  4.00
15.08	  4.17
16.08	  9.68
17.08	  8.71
18.08	  8.41
19.08	  8.90
20.08	  7.66
21.08	  8.11
22.08	  7.07
23.08	  7.84
24.08	  9.45
25.08	 10.20
26.08	  9.57
27.08	  6.79
28.08	  4.76
29.08	  4.33
30.08	  6.53
31.08	  2.24
01.09	  4.77
02.09	  4.35
03.09	  8.25
04.09	  9.55
05.09	  6.55
06.09	  8.88
07.09	 10.84
08.09	 10.44
09.09	  9.74
10.09	  6.05
11.09	  7.86
12.09	  8.51
13.09	  8.13
14.09	  7.62
27.09	 11.67
28.09	  8.84
29.09	  7.52
30.09	  6.75
01.10	  7.86
02.10	  9.11
03.10	  9.30
04.10	 10.32
05.10	  9.61
06.10	  9.55
07.10	  7.91
08.10	  9.25
09.10	  8.41
10.10	  9.82
11.10	 10.89
12.10	 10.73
13.10	  8.56
14.10	  9.11
15.10	  9.28
16.10	  8.50
17.10	  5.47
18.10	 11.10
19.10	 13.09
20.10	 10.41
21.10	  9.02
22.10	  7.05
23.10	  9.63
24.10	 10.97
25.10	 10.37
26.10	 12.29
27.10	 12.92
28.10	  9.76
29.10	  8.62
30.10	  9.01
31.10	 11.66
01.11	 13.77
02.11	 12.91
03.11	 10.55
04.11	  9.96
05.11	  9.91
06.11	 12.63
07.11	  8.79
08.11	  8.83
09.11	  9.23
10.11	 10.95
11.11	 10.56
12.11	 10.46
13.11	 11.57
14.11	 10.49
15.11	 11.90
16.11	 12.07
17.11	 12.38
18.11	 11.27
19.11	 11.38
20.11	 11.18
21.11	 10.48
22.11	  9.29
23.11	  7.15
24.11	 11.40
25.11	  9.97
26.11	  9.63
27.11	 10.97
28.11	 10.94
29.11	  9.57
30.11	  9.62
01.12	  9.65
02.12	  8.51
03.12	  9.78
04.12	 11.80
05.12	 13.24
06.12	 13.26
07.12	 10.70
08.12	 11.41
09.12	 10.54
10.12	  9.31
11.12	  8.43
12.12	  7.47
13.12	 12.43
14.12	 12.68
15.12	 12.20
16.12	 13.00
17.12	  8.60
18.12	 10.65
19.12	 12.05
20.12	 14.51
21.12	 13.91
22.12	 14.15
23.12	 14.41
24.12	 14.14
25.12	 14.79
26.12	 16.40
27.12	 16.50
28.12	 14.90
29.12	 13.35
30.12	 15.74
31.12	 17.56
