01.01	 12.28
02.01	 12.78
03.01	 12.93
04.01	 13.65
05.01	 13.03
06.01	 14.20
07.01	 14.30
08.01	 13.82
09.01	 11.95
10.01	 11.45
11.01	 13.40
12.01	 14.90
13.01	 13.67
14.01	 15.00
15.01	 15.68
16.01	 16.05
17.01	 15.73
18.01	 16.05
19.01	 13.97
20.01	 16.73
21.01	 18.90
22.01	 15.43
23.01	 14.95
24.01	 16.68
25.01	 16.05
26.01	 14.40
27.01	 13.30
28.01	 14.72
29.01	 15.95
30.01	 14.17
31.01	 14.48
01.02	 16.18
02.02	 17.05
03.02	 17.07
04.02	 16.73
05.02	 15.45
06.02	 12.07
07.02	 11.12
08.02	 12.68
09.02	 13.18
10.02	 15.60
11.02	 19.07
12.02	 17.30
13.02	 13.65
14.02	 12.93
15.02	 11.27
16.02	  9.60
17.02	 12.08
18.02	 13.00
19.02	 13.90
20.02	 11.00
21.02	 10.68
22.02	 11.30
23.02	 14.80
24.02	 15.35
25.02	 13.75
26.02	 12.25
27.02	 11.42
28.02	 10.47
01.03	  8.20
02.03	 10.52
03.03	 10.95
04.03	 11.22
05.03	 15.18
06.03	 17.18
07.03	 16.12
08.03	 14.55
09.03	 13.22
10.03	 15.17
11.03	 15.40
12.03	 13.02
13.03	 12.75
14.03	 16.58
15.03	 16.05
16.03	 15.58
17.03	 17.18
18.03	 15.40
19.03	 14.90
20.03	 10.60
21.03	 10.67
22.03	 10.22
23.03	 11.57
24.03	 10.72
25.03	 11.15
26.03	  9.47
27.03	  8.88
28.03	  9.88
29.03	 12.10
30.03	 10.78
31.03	 10.47
01.04	 10.70
02.04	 13.75
03.04	 11.18
04.04	 11.18
05.04	 10.78
06.04	 12.20
07.04	  8.93
08.04	  8.55
09.04	  7.88
10.04	  7.98
11.04	  8.83
12.04	 11.62
13.04	 11.52
14.04	 10.03
15.04	 13.85
16.04	 13.47
17.04	 13.32
18.04	 11.98
19.04	  8.47
20.04	  7.58
21.04	  7.48
22.04	  8.22
23.04	  8.82
24.04	  6.25
25.04	  8.50
26.04	  8.60
27.04	  5.47
28.04	  7.50
29.04	  6.92
30.04	 12.65
01.05	 13.30
02.05	 13.43
03.05	  9.15
04.05	  7.85
05.05	  4.90
06.05	  5.50
07.05	  6.60
08.05	  8.20
09.05	  5.62
10.05	  8.83
11.05	  3.47
12.05	  5.35
13.05	  8.35
14.05	  9.50
15.05	  5.83
16.05	  7.43
17.05	  9.40
18.05	 10.07
19.05	  8.22
20.05	  9.60
21.05	  8.25
22.05	  6.20
23.05	  7.75
24.05	  8.33
25.05	  8.27
26.05	  4.40
27.05	  1.77
28.05	  1.52
29.05	  2.00
30.05	  6.47
31.05	  7.62
01.06	  8.30
02.06	  8.82
03.06	  7.78
04.06	  8.00
05.06	  6.50
06.06	  8.58
07.06	  8.43
08.06	  6.85
09.06	  6.38
10.06	  4.85
11.06	  6.40
12.06	  3.17
13.06	  1.27
14.06	  2.28
15.06	  5.50
16.06	  5.18
17.06	  1.82
18.06	  4.45
19.06	  5.95
20.06	  5.40
21.06	  6.30
22.06	  2.73
23.06	  3.62
24.06	  7.25
25.06	  4.75
26.06	  5.12
27.06	  8.12
28.06	  9.68
29.06	  5.83
30.06	  4.22
01.07	  9.93
02.07	  9.97
03.07	  9.25
04.07	  8.40
05.07	  4.10
06.07	  3.90
07.07	  1.65
08.07	 -0.72
09.07	 -0.40
10.07	  2.17
11.07	  5.28
12.07	  6.62
13.07	  7.00
14.07	  7.70
15.07	  7.07
16.07	  6.70
17.07	  8.40
18.07	  9.57
19.07	  8.78
20.07	  7.00
21.07	  4.58
22.07	  4.50
23.07	  5.62
25.07	  9.00
26.07	  8.27
27.07	  5.18
28.07	  2.50
29.07	  5.17
30.07	  6.60
31.07	  4.87
01.08	  4.27
02.08	  2.32
03.08	  2.33
04.08	  4.78
05.08	  5.27
06.08	  4.83
07.08	  5.28
08.08	  1.75
09.08	  1.68
10.08	  6.10
11.08	  7.40
12.08	  7.22
13.08	  6.83
14.08	  4.25
15.08	  3.25
16.08	  7.35
17.08	  4.15
18.08	  3.23
19.08	  4.87
20.08	  5.07
21.08	  3.60
22.08	  4.83
23.08	  4.35
24.08	  2.52
25.08	  4.48
26.08	  4.15
27.08	  6.90
28.08	  5.40
29.08	  2.80
30.08	  6.97
31.08	  7.62
01.09	  9.35
02.09	 10.25
03.09	  9.38
04.09	  6.83
05.09	  9.72
06.09	 11.05
07.09	 10.98
08.09	 10.32
09.09	 10.50
10.09	  8.38
11.09	  4.45
12.09	  8.93
13.09	  8.78
14.09	 10.32
15.09	  8.25
16.09	  6.93
17.09	  6.45
18.09	  8.07
19.09	  7.45
20.09	  8.70
21.09	  6.05
22.09	  5.30
23.09	  4.65
24.09	  6.15
25.09	  8.93
26.09	  8.88
27.09	  9.65
28.09	  8.58
29.09	  8.22
30.09	  6.60
01.10	 10.67
02.10	 10.98
03.10	 11.42
04.10	  9.40
05.10	  6.85
06.10	  4.45
07.10	  5.97
08.10	  7.55
09.10	 10.20
10.10	  9.88
11.10	 10.87
12.10	  6.30
13.10	  8.30
14.10	  7.35
15.10	  9.32
16.10	  9.32
17.10	  7.92
18.10	  7.80
19.10	  9.80
20.10	  9.88
21.10	 10.90
22.10	 11.68
23.10	 12.47
24.10	 10.57
25.10	 10.72
26.10	 10.52
27.10	  9.70
28.10	  8.88
29.10	  9.55
30.10	  8.85
31.10	  8.03
01.11	  9.50
02.11	 10.05
03.11	 10.62
04.11	  8.88
05.11	  9.88
06.11	  9.35
07.11	 10.75
08.11	  9.65
09.11	  8.47
10.11	  7.88
11.11	  8.45
12.11	  7.95
13.11	  8.72
14.11	  9.20
15.11	 11.33
16.11	 10.57
17.11	  9.53
18.11	  7.88
19.11	 11.12
20.11	 12.30
21.11	 12.35
22.11	 11.05
23.11	 12.50
24.11	 10.60
25.11	 12.00
26.11	 11.07
27.11	 12.72
28.11	 13.87
29.11	 13.68
30.11	 11.40
01.12	 11.40
02.12	 12.30
03.12	 11.23
04.12	  8.40
05.12	  8.77
06.12	 11.57
07.12	 12.05
08.12	  9.75
09.12	 10.43
10.12	  9.75
11.12	  9.67
12.12	 10.78
13.12	 11.15
14.12	 10.10
15.12	 10.57
16.12	 14.92
17.12	 14.20
18.12	 13.50
19.12	 15.03
20.12	 15.17
21.12	 13.55
22.12	 12.22
23.12	 13.23
24.12	 16.40
25.12	 17.03
26.12	 16.18
27.12	 13.60
28.12	 16.48
29.12	 14.82
30.12	 13.77
31.12	 14.60
