01.01	 14.60
02.01	 14.98
03.01	 15.37
04.01	 14.47
05.01	 17.35
06.01	 15.17
07.01	 13.60
08.01	 13.90
09.01	 13.20
10.01	 12.80
11.01	 13.10
12.01	 11.90
13.01	 17.25
14.01	 13.62
15.01	 11.82
16.01	 12.23
17.01	 15.13
18.01	 14.47
19.01	 11.85
20.01	 11.20
21.01	 14.53
22.01	 14.55
23.01	 15.12
24.01	 15.57
25.01	 14.45
26.01	 10.10
29.01	 14.55
31.01	 11.60
02.02	 15.60
07.02	 13.10
13.02	 19.00
14.02	 23.40
15.02	 13.60
16.02	 14.70
21.02	 20.00
22.02	 16.60
23.02	 14.30
24.02	 15.10
25.02	 15.80
26.02	 12.50
27.02	 12.80
28.02	 13.20
01.03	 13.78
02.03	 12.68
03.03	 13.83
04.03	 11.88
05.03	 13.00
06.03	 12.10
07.03	 12.70
08.03	 13.47
09.03	 12.50
10.03	 10.50
11.03	 13.43
12.03	 13.95
13.03	 13.12
14.03	 11.52
15.03	 11.65
16.03	 11.25
17.03	 10.05
18.03	 14.00
19.03	 14.65
20.03	 11.95
21.03	 11.82
22.03	 10.73
23.03	 11.27
24.03	  8.02
25.03	  7.90
26.03	 12.05
27.03	  9.60
28.03	 10.15
29.03	  9.38
30.03	  8.12
31.03	  9.10
01.04	  9.48
02.04	 11.80
03.04	  9.95
04.04	  8.27
05.04	 11.10
06.04	 11.75
07.04	 11.77
08.04	 10.55
09.04	 13.95
10.04	 14.15
11.04	  8.10
12.04	  6.95
13.04	  8.53
14.04	  5.15
15.04	  7.20
16.04	  5.45
17.04	  7.40
18.04	 11.10
19.04	 12.27
20.04	  9.47
21.04	  9.40
22.04	 11.58
23.04	 11.48
24.04	 12.50
25.04	 12.12
26.04	 14.72
27.04	 16.00
28.04	 10.57
29.04	  7.47
30.04	  8.75
01.05	  6.57
02.05	  7.58
03.05	  6.12
04.05	  9.78
05.05	  9.28
06.05	  8.35
07.05	  8.20
08.05	  8.07
09.05	  8.42
10.05	  8.97
11.05	  7.15
12.05	  8.35
13.05	 12.20
14.05	 10.57
15.05	 11.30
16.05	  8.75
17.05	  7.15
18.05	  3.62
19.05	  3.65
20.05	  3.10
21.05	  3.08
22.05	  7.12
23.05	 12.53
24.05	 13.75
25.05	 13.22
26.05	  7.85
27.05	  3.40
28.05	  5.90
29.05	  7.22
30.05	  6.82
31.05	 11.62
01.06	 10.48
02.06	  8.30
03.06	  7.92
04.06	  4.50
05.06	  9.72
06.06	 11.62
07.06	 11.05
08.06	  5.82
09.06	  1.97
10.06	  5.90
11.06	  9.50
12.06	  9.90
13.06	  8.10
14.06	  5.57
15.06	  6.68
16.06	  6.10
17.06	  9.50
18.06	  9.40
19.06	  8.10
20.06	  7.35
21.06	  7.33
22.06	  8.38
23.06	 10.88
24.06	 10.50
25.06	 11.00
26.06	 11.45
27.06	 10.62
28.06	 13.15
29.06	 11.33
30.06	  8.28
01.07	 12.88
02.07	 13.43
03.07	 10.00
04.07	  9.35
05.07	  7.35
06.07	 12.60
07.07	  9.05
08.07	  6.28
09.07	  5.93
10.07	  9.97
11.07	  6.90
12.07	  4.60
13.07	  2.08
14.07	  2.17
15.07	  7.15
16.07	 10.08
17.07	 11.95
18.07	  8.93
19.07	 10.50
20.07	  8.60
21.07	  5.72
22.07	  4.65
23.07	  6.33
24.07	  7.85
25.07	  7.43
26.07	  5.45
27.07	  4.32
28.07	  6.22
29.07	  3.20
30.07	  1.07
31.07	  1.32
01.08	  2.63
02.08	  8.97
03.08	  9.62
04.08	  8.60
05.08	  8.10
06.08	  8.07
07.08	  7.30
08.08	  7.62
09.08	  6.45
10.08	  7.17
11.08	  6.10
12.08	  6.40
13.08	  5.62
14.08	  4.88
15.08	  2.87
16.08	  6.17
17.08	  4.47
18.08	  9.45
19.08	  9.65
20.08	  6.07
21.08	  6.35
22.08	  9.03
23.08	  7.57
24.08	  6.33
25.08	  7.80
26.08	  3.85
27.08	  6.90
28.08	  6.60
29.08	  7.65
30.08	 10.22
31.08	  4.83
01.09	  4.78
02.09	  4.10
03.09	  3.98
04.09	  5.52
05.09	  7.00
06.09	  8.90
07.09	  9.52
08.09	  9.50
09.09	 10.12
10.09	  9.07
11.09	  7.53
12.09	  4.78
13.09	  7.07
14.09	  7.75
15.09	  6.90
16.09	  4.40
17.09	  5.30
18.09	  6.12
19.09	  9.00
20.09	  9.70
21.09	  9.40
22.09	  9.30
23.09	  9.45
24.09	 10.95
25.09	  9.65
26.09	 10.20
27.09	  8.88
28.09	  7.15
29.09	  9.17
30.09	  8.38
01.10	  8.32
02.10	  6.98
03.10	  7.37
04.10	  7.38
05.10	  6.85
06.10	  8.50
07.10	 11.10
08.10	 10.32
09.10	  7.65
10.10	  9.90
11.10	 12.20
12.10	  8.55
13.10	  9.00
14.10	  8.17
15.10	  7.67
16.10	  8.72
17.10	 10.02
18.10	 10.65
19.10	  9.80
20.10	  9.00
21.10	 10.48
22.10	 10.20
23.10	  7.58
24.10	  8.35
25.10	  7.55
26.10	 11.00
27.10	  9.37
28.10	  9.30
29.10	  9.40
30.10	  8.93
31.10	  9.85
01.11	 10.15
02.11	  9.60
03.11	  9.05
04.11	  9.67
05.11	  9.70
06.11	  7.92
07.11	 10.88
08.11	 10.47
09.11	 12.20
10.11	 15.40
11.11	 14.65
12.11	 13.32
13.11	 11.30
14.11	 10.15
15.11	  7.83
16.11	  7.75
17.11	  9.10
18.11	  9.50
19.11	 11.17
20.11	 11.88
21.11	 11.72
22.11	 11.43
23.11	 11.77
24.11	 11.00
25.11	 11.35
26.11	 12.05
27.11	 11.50
28.11	 11.93
29.11	 12.05
30.11	 11.90
01.12	 10.82
02.12	 10.75
03.12	 10.80
04.12	 13.05
05.12	 12.95
06.12	 13.32
07.12	 12.07
08.12	 12.95
09.12	 11.53
10.12	 14.52
11.12	 14.85
12.12	 14.30
13.12	 12.68
14.12	 14.15
15.12	 16.15
16.12	 12.93
17.12	 12.05
18.12	 12.70
19.12	 10.03
20.12	  9.77
21.12	 11.93
22.12	 13.45
23.12	 11.75
24.12	 12.30
25.12	 13.58
26.12	 13.60
27.12	 10.70
28.12	 12.48
29.12	 15.12
30.12	 17.68
31.12	 16.97
