01.01	 17.06
02.01	 14.44
03.01	 14.99
04.01	 16.31
05.01	 17.56
06.01	 18.38
07.01	 17.61
08.01	 18.31
09.01	 15.09
10.01	 12.14
11.01	 12.09
12.01	 14.56
13.01	 16.86
14.01	 15.83
15.01	 16.15
16.01	 17.83
17.01	 16.16
18.01	 16.36
19.01	 15.93
20.01	 14.63
21.01	 14.86
22.01	 15.71
23.01	 14.77
24.01	 14.97
25.01	 14.53
26.01	 15.27
27.01	 19.07
28.01	 15.24
29.01	 15.09
30.01	 13.31
31.01	 12.66
01.02	 15.25
02.02	 13.32
03.02	 12.47
04.02	 10.76
05.02	 13.24
06.02	 14.40
07.02	 14.18
08.02	 12.11
09.02	 12.45
10.02	 16.20
11.02	 18.51
12.02	 13.95
13.02	 11.32
14.02	 11.04
15.02	 12.86
16.02	 12.82
17.02	 16.94
18.02	 14.66
19.02	 13.88
20.02	 11.60
21.02	 11.05
22.02	 11.36
23.02	 12.42
24.02	 10.66
25.02	 14.24
26.02	 13.86
27.02	 13.96
28.02	 13.92
29.02	 13.12
01.03	 12.58
02.03	 14.66
03.03	 15.94
04.03	 15.36
05.03	 11.99
06.03	 12.31
07.03	 13.54
08.03	 15.76
09.03	 12.96
10.03	 14.10
11.03	 13.74
12.03	 13.56
13.03	 14.65
14.03	 14.63
15.03	 15.20
16.03	 13.39
17.03	 13.65
18.03	 12.65
19.03	 12.38
20.03	 12.55
21.03	 11.67
22.03	 12.12
23.03	 11.56
24.03	 11.91
25.03	  9.04
26.03	 10.78
27.03	 10.48
28.03	 12.14
29.03	 11.41
30.03	 11.24
31.03	 12.03
01.04	 10.07
02.04	 11.27
03.04	  9.43
04.04	  9.85
05.04	  9.56
06.04	 12.84
07.04	 12.79
08.04	  9.81
09.04	  7.46
10.04	  7.35
11.04	  8.65
12.04	  9.84
13.04	 11.44
14.04	  9.57
15.04	 10.99
16.04	 11.90
17.04	 11.65
18.04	 11.28
19.04	 10.99
20.04	 11.52
21.04	  8.95
22.04	  8.21
23.04	  7.17
24.04	  8.69
25.04	  7.81
26.04	  6.76
27.04	  7.71
28.04	  8.35
29.04	 13.04
30.04	 12.81
01.05	 10.14
02.05	 11.69
03.05	 10.71
04.05	  9.59
05.05	 12.99
06.05	 13.19
07.05	  9.20
08.05	  8.02
09.05	 10.10
10.05	  9.20
11.05	  4.66
12.05	  3.77
13.05	  6.71
14.05	 11.36
15.05	  9.56
16.05	  6.73
17.05	  6.00
18.05	  4.69
19.05	  8.00
20.05	  4.46
21.05	  4.22
22.05	  6.90
23.05	  3.70
24.05	  8.78
25.05	 10.21
26.05	 12.96
27.05	 12.72
28.05	 13.24
29.05	 11.27
30.05	 10.32
31.05	  8.88
01.06	 10.56
02.06	 10.05
03.06	  6.91
04.06	  5.95
05.06	  5.40
06.06	  3.24
07.06	  4.44
08.06	  3.80
09.06	  0.91
10.06	  4.16
11.06	  6.14
12.06	 10.53
13.06	  6.74
14.06	  1.60
15.06	  3.36
16.06	  2.18
17.06	  5.58
18.06	  2.82
19.06	  7.25
20.06	  8.97
21.06	  7.30
22.06	  7.89
23.06	  8.06
24.06	  3.60
25.06	  2.19
26.06	  5.34
27.06	  8.85
28.06	  8.01
29.06	  7.40
30.06	  8.30
01.07	  4.70
02.07	  2.00
03.07	  4.42
04.07	  1.66
05.07	  2.00
06.07	  5.43
07.07	  8.08
08.07	  4.61
09.07	  2.61
10.07	  1.69
11.07	  6.25
12.07	  7.58
13.07	  7.51
14.07	  4.61
15.07	  4.97
16.07	  8.43
17.07	  6.56
18.07	  8.00
19.07	  3.50
20.07	  7.77
21.07	  6.70
22.07	  6.45
23.07	  5.55
24.07	  3.92
25.07	  5.07
26.07	  3.99
27.07	  5.30
28.07	  5.65
29.07	  3.63
30.07	  2.29
31.07	  3.41
01.08	  8.40
02.08	  7.90
03.08	  7.07
04.08	  7.20
05.08	  6.89
06.08	  7.64
07.08	  6.73
08.08	  6.23
09.08	  6.25
10.08	  1.42
11.08	  6.53
12.08	  5.80
13.08	  6.39
14.08	  8.97
15.08	 10.03
16.08	  9.81
17.08	 10.87
18.08	  9.38
19.08	  9.38
20.08	  9.60
21.08	  9.27
22.08	  6.20
23.08	  3.46
24.08	  3.65
25.08	  4.31
26.08	  4.88
27.08	  6.16
28.08	  6.45
29.08	  7.92
30.08	  6.16
31.08	  9.46
01.09	 11.34
02.09	 10.91
03.09	  9.75
04.09	  8.10
05.09	  7.74
06.09	  9.04
07.09	  6.88
08.09	  5.17
09.09	  4.97
10.09	  4.80
11.09	  9.14
12.09	 10.10
13.09	 11.44
14.09	 10.83
15.09	  9.55
16.09	  6.71
17.09	  5.97
18.09	  5.04
19.09	  7.08
20.09	  7.31
21.09	  7.79
22.09	  6.21
23.09	  7.64
24.09	  9.51
25.09	 11.76
26.09	 11.46
27.09	  8.26
28.09	  9.41
29.09	 10.12
30.09	  8.15
01.10	  8.76
02.10	  8.38
03.10	  8.68
04.10	  8.71
05.10	  5.88
06.10	  5.77
07.10	  7.21
08.10	  6.86
09.10	  9.35
10.10	 11.20
11.10	 10.56
12.10	 10.94
13.10	 10.77
14.10	  9.29
15.10	  9.66
16.10	 10.30
17.10	 11.20
18.10	 11.48
19.10	 10.83
20.10	 10.90
21.10	 11.36
22.10	  9.55
23.10	  8.70
24.10	  8.84
25.10	  9.63
26.10	  8.91
27.10	  6.81
28.10	  6.42
29.10	 10.03
30.10	 11.00
31.10	 10.78
01.11	 11.14
02.11	 11.35
03.11	  9.46
04.11	 10.22
05.11	 12.16
06.11	 15.60
07.11	 14.42
08.11	  9.91
09.11	  9.24
10.11	  9.78
11.11	 11.31
12.11	 12.19
13.11	 13.59
14.11	 11.95
15.11	 11.49
16.11	 16.06
17.11	 15.03
18.11	 11.48
19.11	 12.70
20.11	 10.90
21.11	  9.64
22.11	  8.25
23.11	  9.62
24.11	 10.02
25.11	 11.44
26.11	 12.90
27.11	 11.38
28.11	 12.53
29.11	 13.20
30.11	 13.42
01.12	 13.64
02.12	 13.96
03.12	 11.82
04.12	 13.96
05.12	 12.31
06.12	 11.29
07.12	 12.43
08.12	 13.10
09.12	 12.25
10.12	 13.71
11.12	 12.88
12.12	 11.64
13.12	 13.15
14.12	 12.40
15.12	 12.54
16.12	 11.27
17.12	 11.53
18.12	 12.45
19.12	 10.86
20.12	 10.74
21.12	 11.59
22.12	 12.52
23.12	 11.73
24.12	 11.57
25.12	 11.36
26.12	 10.87
27.12	 12.15
28.12	 13.26
29.12	 13.07
30.12	 12.66
31.12	 13.26
