31.01	 14.40
01.02	 12.88
02.02	 14.30
03.02	 16.35
04.02	 15.20
05.02	 15.23
06.02	 20.10
07.02	 14.60
08.02	 15.45
09.02	 19.93
10.02	 20.25
11.02	 18.22
12.02	 14.72
13.02	 15.87
14.02	 16.82
15.02	 17.97
16.02	 17.80
17.02	 14.50
18.02	 14.05
19.02	 14.42
20.02	 14.20
21.02	 15.27
22.02	 14.40
23.02	 13.45
24.02	 14.20
25.02	 16.27
26.02	 14.62
27.02	 14.58
28.02	 14.40
01.03	 15.67
02.03	 15.93
03.03	 18.30
04.03	 13.58
05.03	 13.05
06.03	 12.40
07.03	  9.72
08.03	  8.50
09.03	  9.88
10.03	 13.45
11.03	 14.92
12.03	 15.10
13.03	 17.00
14.03	 14.90
15.03	 15.50
16.03	 13.02
17.03	 11.25
18.03	 11.17
19.03	 13.10
20.03	 12.48
21.03	  8.97
22.03	  9.92
23.03	 14.05
24.03	 13.58
25.03	 11.97
26.03	  9.60
27.03	 10.80
28.03	 10.10
29.03	  6.90
30.03	  7.80
31.03	  8.78
01.04	  8.35
02.04	  9.43
03.04	  9.18
04.04	 11.65
05.04	  9.35
06.04	  8.82
07.04	  7.52
08.04	 10.32
09.04	 10.95
10.04	 10.95
11.04	  9.00
12.04	 10.00
13.04	  9.38
14.04	 10.30
15.04	 10.60
16.04	  9.78
17.04	 11.48
18.04	 11.25
19.04	  8.72
20.04	  6.67
21.04	  9.03
22.04	  9.80
23.04	  9.50
24.04	  7.35
25.04	  6.20
26.04	  8.43
27.04	 10.28
28.04	 11.30
29.04	 11.02
30.04	 13.60
01.05	 11.88
02.05	  9.03
03.05	  7.05
04.05	  4.08
05.05	  4.38
06.05	  3.80
07.05	  8.97
08.05	 11.03
09.05	 10.12
10.05	  7.52
11.05	  9.40
12.05	  7.65
13.05	  6.23
14.05	  6.88
15.05	  8.50
16.05	  9.00
17.05	  4.85
18.05	  4.83
19.05	  4.65
20.05	  5.65
21.05	  7.37
22.05	  9.05
23.05	  9.05
24.05	  6.30
25.05	  8.88
26.05	  8.50
27.05	  9.43
28.05	 10.65
29.05	  7.75
30.05	  8.30
31.05	 11.32
01.06	  9.75
02.06	  7.28
03.06	  8.03
04.06	  9.35
05.06	  9.20
06.06	  8.40
07.06	  3.45
08.06	  4.00
09.06	  5.20
10.06	  5.60
11.06	  5.30
12.06	  1.77
13.06	  1.17
14.06	  1.47
15.06	  2.35
16.06	  1.97
17.06	  3.25
18.06	  4.25
19.06	  8.83
20.06	  7.30
21.06	  9.68
22.06	  9.35
23.06	 11.13
24.06	 12.10
25.06	 10.85
26.06	 11.15
27.06	  7.67
28.06	  5.15
29.06	  3.50
30.06	  9.53
01.07	 11.57
02.07	 10.28
03.07	  9.57
04.07	  7.70
05.07	  3.10
06.07	  5.60
07.07	  9.62
08.07	  9.48
09.07	  9.30
10.07	  8.12
11.07	  4.88
12.07	  7.42
13.07	  6.30
14.07	  3.93
15.07	  3.90
16.07	  6.95
17.07	  7.00
18.07	  3.83
19.07	  6.07
20.07	  5.80
21.07	  4.50
22.07	  6.20
23.07	  7.50
24.07	  7.70
25.07	  5.60
26.07	  5.02
27.07	  8.00
28.07	  9.93
29.07	 10.90
30.07	  9.20
31.07	  8.85
01.08	  8.88
02.08	  7.22
03.08	  7.20
04.08	  5.02
05.08	  3.82
06.08	  2.77
07.08	  2.93
08.08	  3.33
09.08	  6.67
10.08	  7.38
11.08	  8.97
12.08	  7.43
13.08	  3.12
14.08	  2.50
15.08	  4.23
16.08	  7.10
17.08	  5.53
18.08	  2.60
19.08	  2.70
20.08	 10.35
21.08	  9.50
22.08	  9.18
23.08	  8.48
24.08	  9.30
25.08	  8.70
26.08	  9.03
27.08	  7.45
28.08	  6.15
29.08	  5.88
30.08	  5.17
31.08	  6.40
01.09	  5.70
02.09	  8.38
03.09	  8.75
04.09	  6.23
05.09	  8.60
06.09	 10.18
07.09	  7.45
08.09	  5.88
09.09	  5.25
10.09	  3.70
11.09	  4.33
12.09	  4.72
13.09	  4.50
14.09	  6.05
15.09	  7.98
16.09	  9.05
17.09	  8.72
18.09	  8.70
19.09	 10.80
20.09	 10.70
21.09	 11.27
22.09	  9.45
23.09	  7.58
24.09	  8.53
25.09	  8.25
26.09	  9.55
27.09	 10.00
28.09	  7.52
29.09	  6.35
30.09	  5.45
01.10	  8.57
02.10	  9.12
03.10	  9.05
04.10	 10.68
05.10	  9.55
06.10	  8.75
07.10	 10.28
08.10	 11.30
09.10	 11.05
10.10	 10.90
11.10	 10.52
12.10	  7.65
13.10	  7.68
14.10	  7.58
15.10	  8.72
16.10	  8.82
17.10	 10.80
18.10	 10.40
19.10	 12.10
20.10	 12.20
21.10	  8.50
22.10	  7.12
23.10	  9.42
24.10	  9.53
25.10	  7.32
26.10	  7.05
27.10	  7.45
28.10	  9.25
29.10	  9.63
30.10	  7.43
31.10	 10.93
01.11	 10.05
02.11	 12.05
03.11	  8.02
04.11	  6.60
05.11	  8.55
06.11	 11.38
07.11	 12.17
08.11	 14.05
09.11	 12.38
10.11	 12.47
11.11	 15.05
12.11	 12.30
13.11	 13.67
14.11	 12.30
15.11	 12.53
16.11	 12.82
17.11	 12.07
18.11	 11.82
19.11	 11.78
20.11	 12.70
21.11	 16.32
22.11	 10.57
23.11	  7.65
24.11	 11.60
25.11	 14.13
26.11	 14.78
27.11	 12.00
28.11	 11.20
29.11	 11.20
30.11	 10.62
01.12	 12.47
02.12	 12.00
03.12	 12.33
04.12	  9.93
05.12	  7.27
06.12	  9.53
07.12	 11.38
08.12	 11.35
09.12	 12.65
10.12	 11.47
11.12	 13.12
12.12	 13.95
13.12	 13.40
14.12	 14.20
15.12	 15.12
16.12	 12.75
17.12	 12.75
18.12	 13.75
19.12	 10.00
20.12	 13.10
21.12	 14.35
22.12	 13.72
23.12	 14.10
24.12	 13.97
25.12	 14.88
26.12	 16.27
27.12	 13.78
28.12	 15.42
29.12	 15.18
30.12	 15.88
31.12	 15.65
