01.01	 14.27
02.01	 14.97
03.01	 13.10
04.01	 13.95
05.01	 16.68
06.01	 16.43
07.01	 17.00
08.01	 15.03
09.01	 12.87
10.01	 10.73
11.01	 10.85
12.01	 15.55
13.01	 16.27
14.01	 17.70
15.01	 13.68
16.01	 12.15
17.01	 12.72
18.01	 13.30
19.01	 12.83
20.01	 14.07
21.01	 13.53
22.01	 14.53
23.01	 19.25
24.01	 19.93
25.01	 15.80
26.01	 17.95
27.01	 16.60
28.01	 17.20
29.01	 21.65
30.01	 20.10
31.01	 16.45
01.02	 16.75
02.02	 17.68
03.02	 18.50
04.02	 19.02
05.02	 16.15
06.02	 15.20
07.02	 14.80
08.02	 15.03
09.02	 16.82
10.02	 14.95
11.02	 16.25
12.02	 17.05
13.02	 14.53
14.02	 13.75
15.02	 12.47
16.02	 12.58
17.02	 14.20
18.02	 11.72
19.02	 12.97
20.02	 16.75
21.02	 17.02
22.02	 16.02
23.02	 14.25
24.02	 15.97
25.02	 15.55
26.02	 14.45
27.02	 17.27
28.02	 21.05
29.02	 17.02
01.03	 13.32
02.03	 11.15
03.03	 13.28
04.03	 14.75
05.03	 14.17
06.03	 12.85
07.03	 13.62
08.03	 13.07
09.03	  9.40
10.03	  9.88
11.03	 11.25
12.03	 13.70
13.03	 13.25
14.03	 13.38
15.03	 16.10
16.03	 15.27
17.03	 13.38
18.03	 11.68
19.03	 14.42
20.03	 13.53
21.03	 13.45
22.03	 12.50
23.03	 10.38
24.03	 10.35
25.03	 14.78
26.03	  9.60
27.03	  9.43
28.03	 12.83
29.03	 12.42
30.03	 13.55
31.03	 12.55
01.04	  9.85
02.04	 13.20
03.04	 14.70
04.04	 13.25
05.04	  9.32
06.04	 10.88
07.04	 12.65
08.04	 13.05
09.04	 10.25
10.04	  7.08
11.04	  5.53
12.04	  6.20
13.04	  3.95
14.04	  5.20
15.04	  8.15
16.04	 10.90
17.04	 12.20
18.04	 14.22
19.04	 15.97
20.04	 15.47
21.04	  9.60
22.04	  7.23
23.04	  8.88
24.04	  9.05
25.04	  8.27
26.04	  9.57
27.04	  9.25
28.04	  7.43
29.04	  8.33
30.04	  8.40
01.05	  9.22
02.05	  8.10
03.05	 12.83
04.05	 13.03
05.05	  5.60
07.05	  5.25
08.05	  6.33
09.05	  8.90
10.05	  7.60
11.05	  9.42
12.05	 13.95
13.05	 14.57
14.05	 12.40
15.05	  7.25
16.05	 13.15
17.05	 11.50
18.05	  7.32
19.05	  4.60
20.05	  9.45
21.05	  8.68
22.05	 11.22
23.05	  9.55
24.05	  9.80
25.05	  8.55
26.05	  3.48
27.05	  4.38
28.05	  3.22
29.05	  2.37
30.05	  1.12
31.05	  1.93
01.06	  1.87
02.06	  6.30
03.06	 12.05
04.06	 10.97
05.06	 10.07
06.06	  8.07
07.06	  8.35
08.06	  6.17
09.06	  7.13
10.06	  8.37
11.06	  7.62
12.06	  7.60
13.06	  7.10
14.06	  7.27
15.06	  4.53
16.06	  7.45
17.06	  4.97
18.06	  5.00
19.06	  5.15
20.06	  5.55
21.06	  4.15
22.06	  3.50
23.06	  8.70
24.06	  8.43
25.06	  6.83
26.06	  9.20
27.06	 11.08
28.06	 11.60
29.06	 12.18
30.06	  2.42
01.07	  0.60
02.07	  2.60
03.07	 10.97
04.07	 11.10
05.07	  9.53
06.07	  7.25
07.07	  9.03
08.07	  5.53
09.07	  6.22
10.07	  9.57
11.07	 11.73
12.07	  8.85
13.07	  9.25
14.07	 10.65
15.07	 12.65
16.07	 10.38
17.07	  7.20
18.07	  4.58
19.07	  1.85
20.07	  1.93
21.07	 10.45
22.07	 10.82
23.07	  7.67
24.07	  8.35
25.07	  7.00
26.07	  9.20
27.07	  9.20
28.07	  5.32
29.07	  5.20
30.07	  7.35
31.07	  3.18
01.08	  8.45
02.08	  8.83
03.08	  8.38
04.08	  4.00
05.08	  5.25
06.08	  3.95
07.08	  3.45
08.08	  4.93
09.08	  9.53
10.08	  7.47
11.08	  4.62
12.08	  7.15
13.08	  6.23
14.08	  8.75
15.08	  8.10
16.08	  3.58
17.08	  5.80
18.08	  7.45
19.08	  3.90
20.08	  2.67
21.08	  6.30
22.08	  6.42
23.08	  5.00
24.08	  8.75
25.08	 10.32
26.08	  8.68
27.08	  7.88
28.08	  7.53
29.08	  9.75
30.08	  9.82
31.08	  8.90
01.09	  9.57
02.09	  6.72
03.09	  5.35
04.09	  4.50
05.09	  4.38
06.09	  5.68
07.09	  6.12
08.09	  5.27
09.09	  8.97
10.09	  5.62
11.09	  3.03
12.09	  4.35
13.09	  6.83
14.09	  8.32
15.09	 11.28
16.09	 10.57
17.09	  8.18
18.09	  5.60
19.09	  6.47
20.09	  8.03
21.09	  8.55
22.09	 12.57
23.09	 10.12
24.09	 10.38
25.09	 10.45
26.09	 10.53
27.09	  8.47
28.09	  7.05
29.09	  8.88
01.10	 13.50
02.10	  6.20
05.10	  8.55
06.10	 14.00
07.10	 12.57
08.10	 10.50
09.10	 12.25
10.10	 12.35
11.10	  9.93
12.10	 10.67
13.10	  9.85
14.10	  8.65
15.10	  9.42
16.10	  9.90
17.10	 12.73
18.10	 10.97
19.10	 10.10
20.10	  9.98
21.10	  7.90
22.10	  8.05
23.10	 10.90
24.10	 10.47
25.10	  7.95
26.10	  8.80
27.10	  8.25
28.10	  8.85
29.10	 10.05
30.10	 10.07
31.10	 13.10
01.11	 11.48
02.11	  9.65
03.11	  9.87
04.11	 12.18
05.11	 12.43
06.11	 12.50
07.11	 10.10
08.11	 11.03
09.11	 11.77
10.11	 11.70
11.11	 11.85
12.11	 10.73
13.11	 12.73
14.11	 11.22
15.11	 12.05
16.11	 11.65
17.11	 14.10
18.11	 12.75
19.11	 13.30
20.11	 14.12
21.11	 11.68
22.11	 11.28
23.11	 12.83
24.11	 13.18
25.11	 14.95
26.11	 14.65
27.11	 13.88
28.11	 11.65
29.11	 12.12
30.11	 14.10
01.12	 18.45
02.12	 18.38
03.12	 15.30
04.12	 15.00
05.12	 18.93
06.12	 18.47
07.12	 15.15
08.12	 14.92
09.12	 14.63
10.12	 17.70
11.12	 18.25
12.12	 16.57
13.12	 16.27
14.12	 16.28
15.12	 14.33
16.12	 13.13
17.12	 13.95
18.12	 15.98
19.12	 15.20
20.12	 14.60
21.12	 11.17
22.12	 12.82
23.12	 14.85
24.12	 14.58
25.12	 15.18
26.12	 14.43
27.12	 13.68
28.12	 12.50
29.12	 14.03
30.12	 14.85
31.12	 14.55
