01.01	 11.14
02.01	 13.24
03.01	 13.97
04.01	 16.60
05.01	 14.01
06.01	 12.66
07.01	 12.91
08.01	 13.21
09.01	 14.66
10.01	 13.85
11.01	 12.79
12.01	 12.97
13.01	 13.84
14.01	 12.97
15.01	 14.32
16.01	 15.52
17.01	 16.74
18.01	 15.09
19.01	 16.14
20.01	 17.12
21.01	 17.45
22.01	 14.69
23.01	 17.64
24.01	 16.25
25.01	 15.27
26.01	 17.13
27.01	 14.44
28.01	 13.22
29.01	 14.14
30.01	 15.22
31.01	 17.61
01.02	 15.39
02.02	 14.30
03.02	 15.19
04.02	 14.90
05.02	 15.76
06.02	 16.26
07.02	 12.43
08.02	 12.47
09.02	 11.04
10.02	 10.11
11.02	 13.81
12.02	 12.10
13.02	 11.99
14.02	 14.20
15.02	 15.29
16.02	 14.54
17.02	 12.66
18.02	 11.81
19.02	 12.90
20.02	 13.36
21.02	 13.15
22.02	 13.19
23.02	 13.06
24.02	 13.91
25.02	 15.53
26.02	 16.51
27.02	 15.10
28.02	 14.52
01.03	 16.42
02.03	 14.49
03.03	 12.65
04.03	 12.21
05.03	 13.09
06.03	 17.44
07.03	 16.14
08.03	 14.15
09.03	 12.80
10.03	 14.10
11.03	 13.86
12.03	 12.79
13.03	 11.90
14.03	 11.53
15.03	 14.63
16.03	 16.28
17.03	 11.77
18.03	 12.24
19.03	 12.44
20.03	 10.75
21.03	  9.91
22.03	  9.94
23.03	 12.04
24.03	 15.20
25.03	 14.60
26.03	 20.76
27.03	 15.31
28.03	 14.44
29.03	 12.76
30.03	 11.86
31.03	 13.07
01.04	 12.35
02.04	  9.24
03.04	 13.11
04.04	 11.99
05.04	 11.81
06.04	 13.15
07.04	 15.43
08.04	 15.70
09.04	 11.95
10.04	 13.64
11.04	 12.00
12.04	 12.69
13.04	 12.04
14.04	  9.78
15.04	  9.43
16.04	  9.74
17.04	 10.41
18.04	 11.62
19.04	  9.90
20.04	  8.79
21.04	  6.41
22.04	  6.94
23.04	  7.91
24.04	 11.16
25.04	 10.12
26.04	  9.11
27.04	 10.83
28.04	 12.50
29.04	 10.15
30.04	 10.08
01.05	  9.74
02.05	  6.73
03.05	  7.74
04.05	  8.59
05.05	  7.68
06.05	  7.34
07.05	  9.79
08.05	 12.67
09.05	 12.51
10.05	 11.54
11.05	 13.77
12.05	 13.50
13.05	 11.79
14.05	 12.25
15.05	 14.29
16.05	 15.40
17.05	 10.51
18.05	 11.40
19.05	 14.69
20.05	 13.22
21.05	 10.11
22.05	  8.88
23.05	  6.56
24.05	  5.39
25.05	  7.64
26.05	  4.67
27.05	 10.97
28.05	 11.22
29.05	  9.17
30.05	 10.89
31.05	 10.11
01.06	 12.46
02.06	 14.01
03.06	 10.75
04.06	 11.79
05.06	 11.46
06.06	  9.36
07.06	  8.47
08.06	  8.00
09.06	  5.80
10.06	  5.41
11.06	  7.27
12.06	  6.55
13.06	  6.58
14.06	  5.11
15.06	  9.21
16.06	  7.79
17.06	  1.73
18.06	  1.09
19.06	  5.34
20.06	  7.85
21.06	  7.01
22.06	  2.94
23.06	  3.40
24.06	  7.90
25.06	 13.23
26.06	 11.78
27.06	  5.85
28.06	  6.01
29.06	  8.35
30.06	  7.40
01.07	  3.99
02.07	  6.78
03.07	  2.89
04.07	  3.04
05.07	  7.40
06.07	  8.40
07.07	  8.93
08.07	 10.53
09.07	  6.93
10.07	  4.10
11.07	  4.65
12.07	  5.09
13.07	  4.06
14.07	  5.44
15.07	  7.22
16.07	  5.99
17.07	  7.28
18.07	  4.01
19.07	  4.30
20.07	  2.64
21.07	  7.19
22.07	  9.00
23.07	 11.47
24.07	 10.93
25.07	 11.33
26.07	 11.70
27.07	 10.79
28.07	  8.95
29.07	 10.24
30.07	  9.62
31.07	  8.50
01.08	  7.50
02.08	  7.97
03.08	  7.27
04.08	 10.29
05.08	  9.62
06.08	  7.74
07.08	  5.31
08.08	  6.16
09.08	  6.25
10.08	  3.36
11.08	  3.49
12.08	  6.12
13.08	  5.10
14.08	  3.99
15.08	  6.36
16.08	  5.93
17.08	  8.20
18.08	  6.53
19.08	  6.99
20.08	  6.86
21.08	  9.44
22.08	  8.93
23.08	  9.00
24.08	 10.29
25.08	 11.30
26.08	  9.93
27.08	 10.58
28.08	 11.81
29.08	  9.66
30.08	  7.19
31.08	  6.06
01.09	  8.71
02.09	  7.19
03.09	  5.81
04.09	  7.88
05.09	  8.90
06.09	  9.16
07.09	  7.86
08.09	  5.70
09.09	  3.27
10.09	  6.02
11.09	  6.30
12.09	  7.79
13.09	  6.37
14.09	  5.40
15.09	  4.00
16.09	  3.55
17.09	  4.54
18.09	  4.34
19.09	  6.86
20.09	  9.21
21.09	  8.85
22.09	 10.32
23.09	 10.85
24.09	 10.86
25.09	  9.57
26.09	  7.80
27.09	  9.81
28.09	  8.18
29.09	 10.55
30.09	 10.34
01.10	  9.71
02.10	 13.05
03.10	 11.56
04.10	 11.44
05.10	  8.32
06.10	  6.75
07.10	  6.91
08.10	  5.62
09.10	  7.81
10.10	  9.22
11.10	  9.36
12.10	  9.37
13.10	 10.65
14.10	  7.08
15.10	  6.67
16.10	  7.95
17.10	  8.59
18.10	  9.51
19.10	 10.00
20.10	 10.15
21.10	  8.68
22.10	  7.53
23.10	 12.19
24.10	 13.34
25.10	 12.52
26.10	 10.31
27.10	 10.29
28.10	 10.06
29.10	  8.36
30.10	  8.31
31.10	  9.22
01.11	  9.39
02.11	 10.56
03.11	 11.90
04.11	 13.10
05.11	 13.05
06.11	 12.26
07.11	 11.40
08.11	 11.44
09.11	 12.14
10.11	 11.89
11.11	 11.99
12.11	 11.81
13.11	 12.26
14.11	 12.31
15.11	 12.59
16.11	 10.79
17.11	  8.94
18.11	  8.60
19.11	  7.61
20.11	 10.40
21.11	 10.20
22.11	 10.45
23.11	 12.83
24.11	 12.59
25.11	 11.64
26.11	 11.84
27.11	 11.22
28.11	 12.61
29.11	 13.57
30.11	 13.18
01.12	 15.28
02.12	 17.34
03.12	 14.54
04.12	 14.90
05.12	 15.16
06.12	 13.57
07.12	 12.64
08.12	 11.22
09.12	 12.40
10.12	 12.53
11.12	 11.76
12.12	 13.30
13.12	 11.14
14.12	 10.74
15.12	 10.71
16.12	 11.28
20.12	 14.40
21.12	 12.62
22.12	  9.76
23.12	 10.99
24.12	 12.98
25.12	 13.76
26.12	 15.10
27.12	 18.25
28.12	 18.07
29.12	 17.09
30.12	 15.51
31.12	 15.15
