01.01	 14.24
02.01	 14.60
03.01	 14.78
04.01	 15.41
05.01	 16.46
06.01	 12.95
07.01	 11.55
08.01	 12.63
09.01	 14.86
10.01	 19.12
11.01	 15.64
12.01	 15.24
13.01	 17.13
14.01	 17.76
15.01	 16.54
16.01	 14.44
17.01	 13.86
18.01	 16.38
19.01	 22.27
20.01	 24.07
21.01	 19.76
22.01	 16.73
23.01	 14.78
24.01	 14.24
25.01	 13.94
26.01	 13.66
27.01	 16.91
28.01	 17.04
29.01	 17.38
30.01	 16.15
31.01	 15.89
01.02	 15.08
02.02	 14.32
03.02	 14.65
04.02	 15.29
05.02	 16.18
06.02	 16.33
07.02	 17.81
08.02	 17.55
09.02	 15.36
10.02	 17.89
11.02	 15.98
12.02	 13.56
13.02	 15.07
14.02	 16.29
15.02	 15.47
16.02	 12.27
17.02	  9.58
18.02	 11.99
19.02	 12.46
20.02	 13.32
21.02	 14.23
22.02	 13.69
23.02	 14.29
24.02	 13.76
25.02	 13.16
26.02	 12.99
27.02	 13.48
28.02	 11.95
01.03	 14.05
02.03	 14.03
03.03	 15.03
04.03	 13.63
05.03	 11.93
06.03	 10.37
07.03	 12.12
08.03	 14.94
09.03	 14.06
10.03	 14.49
11.03	 11.68
12.03	 10.92
13.03	 11.85
14.03	 10.47
15.03	 10.90
16.03	 11.43
17.03	 13.78
18.03	 12.40
19.03	 12.25
20.03	 12.14
21.03	  8.40
22.03	 12.22
23.03	 13.60
24.03	 13.40
25.03	 11.00
26.03	 11.48
27.03	 12.99
28.03	 14.48
29.03	 15.51
30.03	 11.76
31.03	 15.43
01.04	 13.20
02.04	 11.40
03.04	 11.63
04.04	  9.94
05.04	  8.96
06.04	  8.91
07.04	 11.78
08.04	  9.51
09.04	  9.82
10.04	 10.15
11.04	  6.80
12.04	  6.65
13.04	  7.07
14.04	 12.63
15.04	 14.14
16.04	 14.29
17.04	 15.89
18.04	 15.06
19.04	 15.93
20.04	 15.01
21.04	 15.65
22.04	 15.68
23.04	 11.24
24.04	  9.24
25.04	  8.91
26.04	  8.85
27.04	 11.12
28.04	 12.86
29.04	 12.05
30.04	 11.05
01.05	 10.36
02.05	 13.33
03.05	 13.50
04.05	 10.24
05.05	  7.37
06.05	  9.16
07.05	  7.90
08.05	 12.53
09.05	 13.89
10.05	 11.39
11.05	  9.32
12.05	  7.39
13.05	  7.34
14.05	  5.09
15.05	  5.64
16.05	  8.05
17.05	  7.39
18.05	  7.06
19.05	  8.11
20.05	  9.85
21.05	 10.55
22.05	 11.70
23.05	 12.29
24.05	 11.91
25.05	 10.64
26.05	 11.75
27.05	 11.01
28.05	  8.78
29.05	  9.56
30.05	 10.81
31.05	  9.51
01.06	  9.91
02.06	 10.59
03.06	 11.69
04.06	 12.70
05.06	  9.85
06.06	  8.67
07.06	  6.05
08.06	  5.24
09.06	  7.26
10.06	  7.58
11.06	  9.61
12.06	  8.79
13.06	  9.24
14.06	  8.14
15.06	  9.06
16.06	  3.79
17.06	  6.36
18.06	  3.09
19.06	  5.79
20.06	  7.84
21.06	  7.20
22.06	  2.75
23.06	  5.84
24.06	  7.27
25.06	  6.42
26.06	  9.61
27.06	  9.99
28.06	  6.88
29.06	  4.41
30.06	  4.45
01.07	 10.31
02.07	 10.06
03.07	  7.13
04.07	  6.30
05.07	  3.75
06.07	  5.85
07.07	  6.90
08.07	  3.88
09.07	 10.19
10.07	  9.24
11.07	  9.30
12.07	  8.16
13.07	  7.79
14.07	  7.76
15.07	  8.09
16.07	 10.30
17.07	  9.04
18.07	  3.49
19.07	  4.95
20.07	  4.80
21.07	  1.70
22.07	  1.65
23.07	  5.38
24.07	  5.26
25.07	  6.51
26.07	  5.19
27.07	  3.01
28.07	  6.14
29.07	  6.91
30.07	  5.83
31.07	  7.78
01.08	  6.86
02.08	  8.74
03.08	  7.66
04.08	  9.10
05.08	  7.15
06.08	  8.51
07.08	  6.14
08.08	  5.21
09.08	  4.50
10.08	  8.46
11.08	  7.51
12.08	  3.11
13.08	  3.49
14.08	  2.83
15.08	  7.85
16.08	  6.64
17.08	  4.67
18.08	  7.53
19.08	  6.62
20.08	  7.00
21.08	  4.86
22.08	  2.48
23.08	  0.70
24.08	  2.64
25.08	  3.18
26.08	  4.58
27.08	 11.01
28.08	 11.94
29.08	 11.44
30.08	 10.74
31.08	 10.31
01.09	  8.37
02.09	  5.46
03.09	  4.05
04.09	 10.69
05.09	 11.47
06.09	 11.43
07.09	 11.14
08.09	 13.40
09.09	 13.56
10.09	  8.40
11.09	  5.34
12.09	  3.44
13.09	  4.33
14.09	  7.51
15.09	  7.04
16.09	  5.15
17.09	  5.99
18.09	  7.15
19.09	  8.03
20.09	  5.62
21.09	  6.33
22.09	  7.54
23.09	  7.64
24.09	  8.62
25.09	  6.20
26.09	  6.43
27.09	  6.91
28.09	  7.01
29.09	  7.23
30.09	  8.55
01.10	  7.09
02.10	  6.11
03.10	 10.13
04.10	 10.03
05.10	  6.93
06.10	  9.57
07.10	  8.62
08.10	  8.97
09.10	  8.16
10.10	  9.76
11.10	  9.61
12.10	  8.46
13.10	 10.70
14.10	 12.47
15.10	 13.55
16.10	 12.84
17.10	 10.91
18.10	  9.77
19.10	 10.21
20.10	  8.37
21.10	  6.35
22.10	  6.55
23.10	  7.07
24.10	  9.08
25.10	  8.88
26.10	  9.86
27.10	 10.07
28.10	 10.92
29.10	 11.79
30.10	 11.94
31.10	 10.91
01.11	  9.43
02.11	 11.50
03.11	 13.36
04.11	 13.61
05.11	 13.47
06.11	 11.65
07.11	 10.56
08.11	 10.41
09.11	 12.07
10.11	 10.49
11.11	 11.15
12.11	 10.20
13.11	 11.13
14.11	 10.99
15.11	 10.52
16.11	 10.53
17.11	 10.55
18.11	  9.14
19.11	 10.06
20.11	 11.47
21.11	 12.19
22.11	 13.76
23.11	 12.34
24.11	  8.04
25.11	  9.09
26.11	 11.05
27.11	 11.19
28.11	 11.05
29.11	 11.14
30.11	 12.20
01.12	 12.76
02.12	 10.86
03.12	  8.99
04.12	 11.81
05.12	 11.53
06.12	 11.99
07.12	 13.61
08.12	 13.28
09.12	 13.69
10.12	 15.10
11.12	 14.45
12.12	 14.56
13.12	 13.51
14.12	 15.16
15.12	 16.72
16.12	 17.64
17.12	 15.21
18.12	 14.69
19.12	 16.10
20.12	 16.15
21.12	 14.16
22.12	 13.54
23.12	 14.30
24.12	 14.74
25.12	 13.90
26.12	 13.69
27.12	 13.09
28.12	 14.22
29.12	 15.88
30.12	 13.12
31.12	 12.03
