01.01	 11.64
02.01	  8.97
03.01	 10.77
04.01	 13.90
05.01	 14.15
06.01	 14.28
07.01	 12.66
08.01	 12.71
09.01	 13.25
10.01	 12.90
11.01	 14.77
12.01	 14.29
13.01	 16.50
14.01	 17.85
15.01	 15.86
16.01	 17.65
17.01	 17.26
18.01	 18.96
19.01	 17.24
20.01	 16.49
21.01	 13.71
22.01	 12.79
23.01	  9.74
24.01	 10.23
25.01	 11.65
26.01	 14.25
27.01	 14.00
28.01	 14.16
29.01	 16.45
30.01	 14.42
31.01	 12.59
01.02	 13.17
02.02	 12.97
03.02	 12.26
04.02	 12.15
05.02	 10.10
06.02	 12.07
07.02	 16.11
08.02	 13.61
09.02	 12.26
10.02	 13.47
11.02	 14.67
12.02	 13.64
13.02	 17.39
14.02	 18.78
15.02	 16.70
16.02	 14.60
17.02	 13.61
18.02	 13.69
19.02	 11.39
20.02	 11.83
21.02	 12.61
22.02	 12.50
23.02	 13.34
24.02	 15.22
25.02	 15.76
26.02	 14.19
27.02	 12.38
28.02	 13.88
01.03	 12.34
02.03	 11.76
03.03	 11.43
04.03	 12.46
05.03	 10.49
06.03	 11.29
07.03	 12.75
08.03	 11.81
09.03	 10.02
10.03	 12.39
11.03	 14.14
12.03	 12.94
13.03	 11.54
14.03	 11.33
15.03	 11.39
16.03	 11.46
17.03	 12.04
18.03	 11.22
19.03	 12.34
20.03	 11.72
21.03	  8.74
22.03	 10.49
23.03	 12.47
24.03	  9.86
25.03	 10.50
26.03	 10.31
27.03	 10.09
28.03	 12.46
29.03	  9.32
30.03	  7.73
31.03	  8.80
01.04	  7.15
02.04	  9.27
03.04	 11.00
04.04	 12.54
05.04	 10.60
06.04	 12.56
07.04	 11.89
08.04	 11.93
09.04	 11.86
10.04	 10.21
11.04	  9.97
12.04	  5.73
13.04	  6.63
14.04	 13.40
15.04	 13.29
16.04	  8.12
17.04	  5.64
18.04	  8.64
19.04	  6.06
20.04	  8.19
21.04	 11.34
22.04	 11.66
23.04	 10.79
24.04	  9.50
25.04	  9.65
26.04	  9.79
27.04	  7.62
28.04	  5.16
29.04	  7.56
30.04	 10.91
01.05	  4.87
02.05	  8.95
03.05	 11.53
04.05	 11.10
05.05	 11.00
06.05	 12.29
07.05	 14.76
08.05	 12.60
09.05	 11.51
10.05	  6.15
11.05	  5.71
12.05	  8.74
13.05	  6.41
14.05	  8.71
15.05	 11.75
16.05	  7.40
17.05	  6.39
18.05	 10.15
19.05	 12.03
20.05	 10.45
21.05	  7.39
22.05	  6.39
23.05	  3.35
24.05	  4.35
25.05	  9.47
26.05	  9.54
27.05	 11.29
28.05	 11.86
29.05	  9.23
30.05	  9.36
31.05	 10.16
01.06	  9.85
02.06	 10.15
03.06	  4.71
04.06	  4.62
05.06	  4.83
06.06	  5.85
07.06	  5.64
08.06	  7.71
09.06	  9.64
10.06	  9.20
11.06	  7.62
12.06	  4.36
13.06	  4.40
14.06	  7.93
15.06	  8.81
16.06	  5.70
17.06	  3.98
18.06	  3.28
19.06	  5.57
20.06	 10.16
21.06	 10.74
22.06	 10.55
23.06	  6.96
24.06	  6.61
25.06	  5.95
26.06	  6.06
27.06	  8.25
28.06	  5.36
29.06	  7.23
30.06	  8.73
01.07	  8.20
02.07	  4.04
03.07	  7.23
04.07	  4.88
05.07	  3.79
06.07	  7.63
07.07	  5.07
08.07	  2.54
09.07	  5.84
10.07	  5.22
11.07	  6.84
12.07	  9.67
13.07	 10.22
14.07	  9.69
15.07	  8.41
16.07	  8.11
17.07	  7.23
18.07	 10.39
19.07	  9.15
20.07	  9.48
21.07	  6.66
22.07	  3.89
23.07	  4.21
24.07	  5.54
25.07	  6.60
26.07	  4.96
27.07	 10.21
28.07	  9.33
29.07	 10.44
30.07	  9.86
31.07	 10.50
01.08	 11.29
02.08	  9.83
03.08	  6.21
04.08	  6.30
05.08	  8.89
06.08	  7.11
07.08	  6.54
08.08	  4.99
09.08	  8.07
10.08	  4.59
11.08	  6.31
12.08	  7.79
13.08	  5.95
14.08	  7.90
15.08	  7.33
16.08	 10.55
17.08	 13.40
18.08	 11.99
19.08	  9.24
20.08	 10.14
21.08	  9.72
22.08	  9.15
23.08	 10.44
24.08	  8.19
25.08	  8.47
26.08	  8.02
27.08	  9.56
28.08	 10.25
29.08	 10.81
30.08	 11.54
31.08	  9.74
01.09	 12.01
02.09	 11.04
03.09	 11.56
04.09	  8.77
05.09	  9.40
06.09	  9.08
07.09	  9.51
08.09	  9.53
09.09	  6.16
10.09	  7.38
11.09	  6.21
12.09	  7.65
13.09	  6.50
14.09	  7.92
15.09	  8.25
16.09	  8.05
17.09	  7.79
18.09	  8.69
19.09	 11.00
20.09	 11.55
21.09	  9.84
22.09	  8.03
23.09	  8.62
24.09	  6.44
25.09	  5.16
26.09	  7.01
27.09	  8.50
28.09	  9.27
29.09	  8.73
30.09	  9.76
01.10	  9.19
02.10	 10.06
03.10	 11.33
04.10	 11.06
05.10	 10.91
06.10	 11.58
07.10	  9.75
08.10	  4.90
09.10	  6.49
10.10	  6.82
11.10	  7.84
12.10	  7.82
13.10	  9.44
14.10	  8.41
15.10	  9.69
16.10	 11.86
17.10	 10.79
18.10	 10.71
19.10	  9.51
20.10	 13.75
21.10	 15.13
22.10	 13.75
23.10	 11.20
24.10	  9.66
25.10	 10.81
26.10	 10.33
27.10	 10.24
28.10	 11.76
29.10	  8.09
30.10	  6.86
31.10	  6.30
01.11	  9.19
02.11	 11.55
03.11	  9.54
04.11	  9.89
05.11	 11.12
06.11	 11.30
07.11	 11.49
08.11	 11.65
09.11	 11.80
10.11	 11.25
11.11	 10.41
12.11	 11.06
13.11	 10.00
14.11	 12.37
15.11	 13.34
16.11	 14.01
17.11	 12.99
18.11	 10.97
19.11	  9.68
20.11	 11.64
21.11	 11.00
22.11	 12.39
23.11	 11.78
24.11	 10.45
25.11	 11.72
26.11	 12.20
27.11	 11.18
28.11	 11.37
29.11	  9.04
30.11	 10.89
01.12	 11.85
02.12	 11.64
03.12	 13.55
04.12	 15.29
05.12	 15.01
06.12	 14.11
07.12	 14.24
08.12	 13.38
09.12	 11.23
10.12	 11.24
11.12	 11.14
12.12	 11.93
13.12	 12.46
14.12	 14.47
15.12	 13.31
16.12	 13.79
17.12	 12.80
18.12	 13.13
19.12	 11.04
20.12	  7.89
21.12	  8.88
22.12	 11.21
23.12	 13.03
24.12	 13.04
25.12	 12.99
26.12	 16.49
27.12	 16.26
28.12	 16.95
29.12	 14.99
30.12	 13.68
31.12	  9.85
