# Ока
#          Бел Кал  Алек Серп  Каш Ряз
2012.03.18  71 -138  -48 -142 -229 -86
2012.03.19  71 -138  -48 -142 -229 -86
2012.03.20  77 -139  -48 -142 -227 -85
2012.03.21  93 -139  -48 -140 -230 -85
2012.03.22 107 -135  -48 -140 -229 -85
2012.03.23 148 -132  -48 -138 -224 -83
2012.03.24 219 -116  -28 -135 -222 -83
2012.03.25 311 -92   -13 -126 -222 -83
2012.03.26 388 -53    21 -112 -213 -83
2012.03.27 406 -20    63  -86 -201 -84
2012.03.28 365   0    99  -42 -183 -84
2012.03.29 295   5   119  -14 -156 -84
2012.03.30 212   3   125    5 -131 -71
2012.03.31 219  -1   126   13 -119 -55
2012.04.01 286   9   129   17 -112  -7
2012.04.02 292  30   143   23 -109  13
2012.04.03 295  58   165   36 -103  19
2012.04.04 227  71   189   53  -92  30
2012.04.05 177  69   202   75  -74  45
2012.04.06 182  55   198   82  -65  55
2012.04.07 307  53   199   82  -60  65
2012.04.08 413  38   223   86  -60  77
2012.04.09 462  76   269   105 -49 100
2012.04.10 507  129  319   165 -16 109
2012.04.11 561  201  348   247 47   95
2012.04.12 595  268  348   356 129 113
2012.04.13 583  312  372   346 245 162
2012.04.14 555  352  413   375 362 241
2012.04.15 .    .    483
2012.04.16
